Norway_008161.jpg,1 1566 1459 1717 2032 3 1459 1176 1636 1455 
Norway_008162.jpg,
Norway_008163.jpg,1 1295 1523 1436 2026 1 1574 1720 1743 2019 1 492 1604 625 1721 1 1313 1249 1390 1388 1 1433 1309 1546 1560 
Norway_008164.jpg,
Norway_008165.jpg,
Norway_008166.jpg,
Norway_008167.jpg,
Norway_008168.jpg,
Norway_008169.jpg,1 497 1946 560 2033 1 394 1265 1099 2018 
Norway_008170.jpg,
Norway_008171.jpg,
Norway_008172.jpg,
Norway_008173.jpg,3 1338 1237 1969 2032 
Norway_008174.jpg,2 344 1404 1645 1547 
Norway_008175.jpg,
Norway_008176.jpg,
Norway_008177.jpg,
Norway_008178.jpg,
Norway_008179.jpg,1 0 1639 217 1974 
Norway_008180.jpg,
Norway_008181.jpg,
Norway_008182.jpg,
Norway_008183.jpg,
Norway_008184.jpg,
Norway_008185.jpg,
Norway_008186.jpg,
Norway_008187.jpg,
Norway_008188.jpg,
Norway_008189.jpg,
Norway_008190.jpg,
Norway_008191.jpg,
Norway_008192.jpg,1 208 1279 729 1580 1 1629 1726 1952 1987 1 0 1293 703 1734 
Norway_008193.jpg,
Norway_008194.jpg,1 244 1294 887 1595 1 1478 1213 1541 1348 
Norway_008195.jpg,2 1317 1494 1908 1551 3 138 1478 1291 2043 
Norway_008196.jpg,1 335 1744 644 2031 1 1139 1115 1192 1222 1 266 1227 1027 1644 1 4 1605 149 1978 
Norway_008197.jpg,2 165 1484 1768 1613 
Norway_008198.jpg,
Norway_008199.jpg,
Norway_008200.jpg,
Norway_008201.jpg,
Norway_008202.jpg,2 741 1701 1140 1768 1 290 1566 755 1971 
Norway_008203.jpg,
Norway_008204.jpg,
Norway_008205.jpg,
Norway_008206.jpg,
Norway_008207.jpg,
Norway_008208.jpg,
Norway_008209.jpg,
Norway_008210.jpg,
Norway_008211.jpg,
Norway_008212.jpg,1 986 1244 1177 1417 1 274 1812 541 2027 
Norway_008213.jpg,
Norway_008214.jpg,
Norway_008215.jpg,
Norway_008216.jpg,
Norway_008217.jpg,
Norway_008218.jpg,1 2062 1874 2181 2033 1 1531 1417 1584 1512 3 1663 1327 2136 2040 
Norway_008219.jpg,
Norway_008220.jpg,2 0 1683 1004 1800 2 0 1660 1982 1785 
Norway_008221.jpg,1 2 1716 223 1939 4 1283 1333 1358 1412 3 0 1695 199 1924 1 723 1896 834 2041 3 259 1723 644 2032 1 1074 1166 1299 1377 
Norway_008222.jpg,1 646 1236 1021 1475 1 1798 1499 2015 1850 1 722 1528 1053 1903 
Norway_008223.jpg,
Norway_008224.jpg,
Norway_008225.jpg,1 0 1431 684 1856 
Norway_008226.jpg,
Norway_008227.jpg,
Norway_008228.jpg,
Norway_008229.jpg,
Norway_008230.jpg,
Norway_008231.jpg,1 1887 1481 2204 1868 1 1632 1072 1697 1265 1 2220 1793 2439 2020 1 1646 1096 1687 1193 1 1455 1062 1592 1139 1 1514 1190 1567 1289 1 1986 1682 2249 2031 1 104 1446 691 1761 1 1088 1288 1281 1477 1 572 1716 897 2031 1 618 1492 1075 2001 1 732 1212 1113 1421 1 1648 1378 1919 2041 1 1504 1433 1591 1752 
Norway_008232.jpg,1 873 1238 1046 1331 1 909 1199 1102 1312 1 107 1485 654 1798 
Norway_008233.jpg,
Norway_008234.jpg,
Norway_008235.jpg,
Norway_008236.jpg,1 525 1284 846 1439 1 1478 1173 1557 1342 1 1071 1304 1244 1445 
Norway_008237.jpg,
Norway_008238.jpg,
Norway_008239.jpg,
Norway_008240.jpg,1 2097 1511 3262 1996 1 1727 1239 2064 1396 1 385 1641 784 2022 
Norway_008241.jpg,
Norway_008242.jpg,1 734 1361 1197 1630 1 1035 1841 1204 2036 1 379 1645 812 2020 1 1143 1460 1428 1849 1 781 1818 970 2031 
Norway_008243.jpg,
Norway_008244.jpg,2 311 1634 1646 1785 2 145 1590 1540 1731 1 118 1703 503 2020 
Norway_008245.jpg,
Norway_008246.jpg,
Norway_008247.jpg,1 1750 1388 1805 1473 2 63 1606 1846 1725 1 1434 1165 1497 1376 1 1338 1416 1505 1587 
Norway_008248.jpg,2 1818 1812 2149 1937 1 1608 1412 1817 1999 1 1532 1233 1607 1398 
Norway_008249.jpg,1 1482 1254 1523 1307 1 1322 1237 1417 1348 1 1511 1337 1718 1568 1 1467 1565 1616 2038 1 800 1392 1235 2017 1 883 1304 1166 1575 
Norway_008250.jpg,
Norway_008251.jpg,
Norway_008252.jpg,1 1087 1444 1248 1863 
Norway_008253.jpg,
Norway_008254.jpg,
Norway_008255.jpg,
Norway_008256.jpg,
Norway_008257.jpg,
Norway_008258.jpg,
Norway_008259.jpg,
Norway_008260.jpg,
Norway_008261.jpg,
Norway_008262.jpg,
Norway_008263.jpg,
Norway_008264.jpg,
Norway_008265.jpg,
Norway_008266.jpg,
Norway_008267.jpg,
Norway_008268.jpg,
Norway_008269.jpg,
Norway_008270.jpg,
Norway_008271.jpg,1 1575 1677 1742 2028 1 1457 1875 1534 2030 
Norway_008272.jpg,
Norway_008273.jpg,
Norway_008274.jpg,1 1419 1182 1478 1273 1 1106 1847 1235 2036 1 1417 1184 1498 1511 1 1316 1509 1435 1882 
Norway_008275.jpg,
Norway_008276.jpg,
Norway_008277.jpg,
Norway_008278.jpg,
Norway_008279.jpg,
Norway_008280.jpg,
Norway_008281.jpg,2 -1 1612 1251 1749 
Norway_008282.jpg,4 1213 1900 1362 1993 
Norway_008283.jpg,
Norway_008284.jpg,
Norway_008285.jpg,
Norway_008286.jpg,
Norway_008287.jpg,
Norway_008288.jpg,
Norway_008289.jpg,
Norway_008290.jpg,
Norway_008291.jpg,
Norway_008292.jpg,1 56 1406 671 1783 1 1519 1398 1654 1615 1 385 1693 768 2028 1 559 1258 898 1439 1 1276 1574 1315 1665 1 1458 1139 1553 1314 
Norway_008293.jpg,1 96 1367 687 1594 1 1327 1938 1384 2043 1 793 1630 872 1727 1 1419 1227 1456 1306 1 577 1949 648 2038 1 731 1519 862 1688 3 1194 1337 1687 1988 
Norway_008294.jpg,
Norway_008295.jpg,
Norway_008296.jpg,1 1033 1162 1246 1275 
Norway_008297.jpg,
Norway_008298.jpg,
Norway_008299.jpg,1 190 1100 1191 1657 1 -1 1177 1055 1910 1 1 1555 360 1982 1 0 1405 604 1978 
Norway_008300.jpg,1 0 1564 170 1653 
Norway_008301.jpg,2 244 1621 1373 1704 
Norway_008302.jpg,
Norway_008303.jpg,
Norway_008304.jpg,
Norway_008305.jpg,
Norway_008306.jpg,1 0 1735 220 2026 1 0 1615 562 1976 1 1743 1037 1918 1238 2 479 1652 902 1769 1 935 1336 1312 1629 1 1744 1213 1841 1422 1 1496 1568 1685 2025 
Norway_008307.jpg,2 500 1458 1715 1525 
Norway_008308.jpg,1 1397 1475 1512 1622 1 1399 1468 1456 1591 1 1563 1325 1638 1466 
Norway_008309.jpg,
Norway_008310.jpg,
Norway_008311.jpg,
Norway_008312.jpg,1 1239 1514 1566 1669 1 686 1492 867 1641 1 1629 1423 1690 1540 1 861 1472 1022 1663 1 1418 1501 1577 1656 1 890 1705 969 1858 1 1425 1894 1492 2041 1 930 1904 1005 2039 
Norway_008313.jpg,1 1774 1604 1999 2017 1 760 1274 1045 1449 1 1100 1183 1431 1530 
Norway_008314.jpg,1 1355 1061 1400 1116 2 613 1279 1500 1330 1 1502 1724 1603 1907 1 1479 1249 1532 1336 1 309 1733 668 2024 
Norway_008315.jpg,
Norway_008316.jpg,1 1266 1391 1497 2020 1 1296 1656 1467 2031 1 1348 1899 1441 2028 
Norway_008317.jpg,1 537 1699 836 2028 
Norway_008318.jpg,
Norway_008319.jpg,
Norway_008320.jpg,
Norway_008321.jpg,1 1225 1201 1334 1340 
Norway_008322.jpg,
Norway_008323.jpg,
Norway_008324.jpg,
Norway_008325.jpg,
Norway_008326.jpg,1 1425 1228 1482 1311 1 1246 1199 1347 1266 1 802 1265 1025 1352 1 1762 1743 1893 2022 1 1833 1933 1884 2034 1 1429 1258 1470 1331 1 1706 1565 1905 2012 1 1345 1310 1394 1399 1 1688 1509 1873 1842 1 1436 1349 1519 1516 
Norway_008327.jpg,
Norway_008328.jpg,1 15 1354 520 1539 1 601 1683 800 1976 1 742 1137 967 1252 1 1217 1170 1270 1227 2 728 1547 1943 1628 1 738 1682 927 2037 
Norway_008329.jpg,
Norway_008330.jpg,
Norway_008331.jpg,
Norway_008332.jpg,
Norway_008333.jpg,
Norway_008334.jpg,1 20 1533 309 1726 
Norway_008335.jpg,
Norway_008336.jpg,1 1458 1199 1511 1284 1 1257 1199 1358 1320 
Norway_008337.jpg,
Norway_008338.jpg,
Norway_008339.jpg,
Norway_008340.jpg,3 1402 1459 1829 2040 
Norway_008341.jpg,
Norway_008342.jpg,1 512 1955 607 2038 
Norway_008343.jpg,
Norway_008344.jpg,1 1331 1161 1372 1224 1 1500 1655 1647 2038 
Norway_008345.jpg,1 3364 1746 3637 2013 
Norway_008346.jpg,1 1435 1682 1580 2027 1 683 1304 818 1417 1 712 1169 849 1282 1 287 1685 640 2030 1 299 1474 814 2017 1 1476 1309 1653 1518 1 1373 1446 1574 2011 1 1647 1474 2162 2029 
Norway_008347.jpg,
Norway_008348.jpg,
Norway_008349.jpg,
Norway_008350.jpg,2 612 1386 1717 1459 1 481 1292 774 1449 2 500 1418 1669 1491 1 866 1199 1057 1282 
Norway_008351.jpg,
Norway_008352.jpg,
Norway_008353.jpg,
Norway_008354.jpg,
Norway_008355.jpg,
Norway_008356.jpg,
Norway_008357.jpg,2 0 1781 1200 1960 
Norway_008358.jpg,3 1212 1292 1571 2013 
Norway_008359.jpg,
Norway_008360.jpg,
Norway_008361.jpg,1 0 1427 550 1896 1 0 1604 345 1959 
Norway_008362.jpg,
Norway_008363.jpg,
Norway_008364.jpg,
Norway_008365.jpg,
Norway_008366.jpg,
Norway_008367.jpg,
Norway_008368.jpg,
Norway_008369.jpg,
Norway_008370.jpg,
Norway_008371.jpg,
Norway_008372.jpg,
Norway_008373.jpg,
Norway_008374.jpg,
Norway_008375.jpg,
Norway_008376.jpg,
Norway_008377.jpg,
Norway_008378.jpg,
Norway_008379.jpg,1 981 1121 1138 1340 1 1036 1344 1211 1743 
Norway_008380.jpg,
Norway_008381.jpg,1 492 1299 927 1554 1 90 1595 401 1780 
Norway_008382.jpg,1 1578 1398 2071 2015 
Norway_008383.jpg,1 2085 1665 2398 2006 1 1837 1350 1948 1445 1 861 1276 980 1359 1 2076 1637 2287 1830 1 1714 1147 1795 1346 1 20 1685 387 1866 1 1767 1326 1952 1457 1 397 1372 852 1725 1 626 1336 867 1453 1 19 1517 540 1826 1 1486 1212 1565 1397 1 1852 1674 2065 2025 1 1595 1129 1642 1212 1 594 1567 1121 2024 1 1912 1581 2213 2016 1 1291 1310 1384 1483 1 1446 1606 1697 1977 3 1447 1179 1722 1532 1 9 1815 266 2040 1 890 1338 1055 1443 1 1931 1550 2062 1807 1 1673 1695 1712 1802 1 1740 1925 1793 2040 3 1387 1204 1786 1809 1 272 1501 765 1752 1 802 1535 1139 1758 1 1310 1741 1425 2034 1 1346 1406 1407 1547 1 1286 1314 1363 1401 1 1841 1800 1936 2033 1 303 1794 508 1961 
Norway_008384.jpg,1 1569 1125 1672 1428 1 1468 1090 1539 1249 1 1614 1248 1687 1425 
Norway_008385.jpg,
Norway_008386.jpg,
Norway_008387.jpg,1 1715 1463 1962 1818 1 1600 1488 1825 1793 1 1438 1127 1475 1242 2 868 1496 1655 1621 1 1440 1131 1555 1360 1 1438 1140 1483 1325 1 1527 1155 1642 1390 1 1588 1503 1699 1792 1 1427 1798 1570 2033 
Norway_008388.jpg,1 907 1269 1086 1566 1 1121 1382 2032 2029 1 0 1447 502 1792 1 1076 1491 1195 1746 1 1 1681 508 2040 1 640 1566 867 1847 
Norway_008389.jpg,1 1372 1170 2233 2011 
Norway_008390.jpg,1 1456 1140 1545 1411 1 1543 1433 1622 1682 1 371 1704 716 2023 
Norway_008391.jpg,
Norway_008392.jpg,
Norway_008393.jpg,
Norway_008394.jpg,
Norway_008395.jpg,
Norway_008396.jpg,
Norway_008397.jpg,
Norway_008398.jpg,
Norway_008399.jpg,
Norway_008400.jpg,
Norway_008401.jpg,
Norway_008402.jpg,
Norway_008403.jpg,
Norway_008404.jpg,1 1182 1290 1237 1375 1 1255 1105 1300 1192 1 973 1370 1230 1839 1 990 1458 1145 1701 1 0 1512 470 1993 1 651 1138 1160 1475 1 1000 1324 1327 2025 
Norway_008405.jpg,
Norway_008406.jpg,
Norway_008407.jpg,
Norway_008408.jpg,
Norway_008409.jpg,1 1656 1726 1813 2029 1 0 1419 504 1758 1 1557 1632 1778 2031 1 1547 1644 1666 2021 1 1007 1447 1126 1630 
Norway_008410.jpg,
Norway_008411.jpg,1 301 1254 670 1451 1 0 1384 719 1979 
Norway_008412.jpg,
Norway_008413.jpg,
Norway_008414.jpg,
Norway_008415.jpg,
Norway_008416.jpg,
Norway_008417.jpg,
Norway_008418.jpg,
Norway_008419.jpg,
Norway_008420.jpg,1 1087 1097 1148 1168 1 1183 1299 1312 1564 
Norway_008421.jpg,
Norway_008422.jpg,
Norway_008423.jpg,1 1523 1161 1992 2036 
Norway_008424.jpg,
Norway_008425.jpg,1 20 1344 437 1561 
Norway_008426.jpg,
Norway_008427.jpg,
Norway_008428.jpg,1 1413 1617 1466 1762 1 1620 1802 1805 2039 1 1367 1609 1500 2032 1 1630 1557 1685 1652 
Norway_008429.jpg,
Norway_008430.jpg,
Norway_008431.jpg,
Norway_008432.jpg,
Norway_008433.jpg,1 628 1162 865 1337 1 1500 1403 1851 1698 1 127 1438 620 1705 
Norway_008434.jpg,
Norway_008435.jpg,
Norway_008436.jpg,
Norway_008437.jpg,
Norway_008438.jpg,
Norway_008439.jpg,
Norway_008440.jpg,1 1135 1548 1232 1649 1 1258 1268 1405 1501 
Norway_008441.jpg,
Norway_008442.jpg,1 1387 1175 1436 1250 1 835 1494 912 1573 1 711 1438 808 1515 3 1246 1477 1673 1924 1 974 1338 1063 1479 1 621 1853 762 2036 
Norway_008443.jpg,
Norway_008444.jpg,
Norway_008445.jpg,
Norway_008446.jpg,
Norway_008447.jpg,3 1609 1411 1868 2002 2 253 1376 1760 1483 1 1275 1252 1336 1353 1 1266 1197 1367 1362 2 78 1810 1895 1989 
Norway_008448.jpg,
Norway_008449.jpg,1 1472 1120 1527 1221 1 1552 1415 1869 2026 
Norway_008450.jpg,
Norway_008451.jpg,
Norway_008452.jpg,1 1645 1307 2172 2024 
Norway_008453.jpg,
Norway_008454.jpg,
Norway_008455.jpg,1 523 1431 1090 2024 1 1031 1500 1352 2019 
Norway_008456.jpg,
Norway_008457.jpg,
Norway_008458.jpg,
Norway_008459.jpg,
Norway_008460.jpg,
Norway_008461.jpg,
Norway_008462.jpg,1 1306 1166 1455 2031 
Norway_008463.jpg,1 442 1873 509 1978 
Norway_008464.jpg,1 1025 1267 1128 1346 2 1541 1859 2256 2024 1 1501 1177 1538 1254 1 1385 1426 1474 1683 1 885 1762 1406 1981 2 887 1733 1418 2008 1 1122 1927 1173 2042 1 589 1360 938 1625 
Norway_008465.jpg,1 519 1102 878 1301 1 1187 1297 1232 1438 1 1312 1215 1419 1528 1 482 1316 1053 2033 
Norway_008466.jpg,
Norway_008467.jpg,
Norway_008468.jpg,3 1408 1364 1729 2039 1 22 1580 391 1817 3 1458 1142 1699 1555 1 1272 1627 1407 2034 1 1711 1639 1838 2020 
Norway_008469.jpg,
Norway_008470.jpg,
Norway_008471.jpg,
Norway_008472.jpg,1 1457 1271 1520 1370 1 927 1929 994 2038 1 573 1311 780 1406 1 1930 1808 2115 2027 1 1465 1256 1590 1395 1 1516 1321 1717 1516 1 1315 1197 1356 1344 1 9 1505 524 1836 1 1302 1377 1365 1568 1 1497 1437 1700 2022 1 823 1855 970 2038 1 1426 1192 1461 1241 1 203 1406 582 1613 1 0 1612 257 1895 1 1565 1656 1668 2037 1 1226 1586 1393 2009 1 201 1688 522 1919 
Norway_008473.jpg,
Norway_008474.jpg,
Norway_008475.jpg,
Norway_008476.jpg,
Norway_008477.jpg,
Norway_008478.jpg,
Norway_008479.jpg,1 289 1281 870 1568 1 1380 1081 1429 1168 1 1509 1288 1602 1585 1 1511 1293 1648 1736 1 1573 1584 1746 2027 1 30 1496 439 1697 1 1525 1308 1724 2043 1 37 1325 778 1662 1 1052 1251 1395 1644 
Norway_008480.jpg,
Norway_008481.jpg,
Norway_008482.jpg,
Norway_008483.jpg,
Norway_008484.jpg,1 657 1912 784 2037 1 981 1556 1080 1697 1 0 1298 939 1817 1 1437 1426 1694 1955 
Norway_008485.jpg,
Norway_008486.jpg,
Norway_008487.jpg,1 1405 1209 1446 1284 1 868 1306 1001 1403 1 1503 1305 1554 1418 1 1455 1584 1636 1773 1 1438 1793 1529 2040 
Norway_008488.jpg,1 1715 1654 1774 1901 1 1879 1874 1938 1937 1 1359 1869 1436 2036 1 1213 1286 1356 1593 1 1540 1118 1619 1289 1 1364 1184 1423 1273 1 985 1424 1246 2023 1 1449 1303 1592 1846 1 601 1123 1184 1390 
Norway_008489.jpg,1 626 1270 1119 2031 
Norway_008490.jpg,1 1034 1364 1159 1527 
Norway_008491.jpg,
Norway_008492.jpg,
Norway_008493.jpg,1 743 1903 822 2028 1 1034 1349 1425 2022 
Norway_008494.jpg,
Norway_008495.jpg,
Norway_008496.jpg,
Norway_008497.jpg,
Norway_008498.jpg,
Norway_008499.jpg,
Norway_008500.jpg,
Norway_008501.jpg,
Norway_008502.jpg,1 2034 1432 2393 1709 1 2088 1318 2259 1401 
Norway_008503.jpg,2 188 1678 1769 1765 
Norway_008504.jpg,1 1745 1677 1964 2036 1 1734 1721 1827 2032 1 816 1612 1041 2001 1 1719 1399 2048 2040 
Norway_008505.jpg,
Norway_008506.jpg,
Norway_008507.jpg,
Norway_008508.jpg,
Norway_008509.jpg,
Norway_008510.jpg,
Norway_008511.jpg,
Norway_008512.jpg,2 279 1688 2052 1879 
Norway_008513.jpg,
Norway_008514.jpg,1 1690 1396 1791 1497 1 1694 1393 1851 1686 1 1764 1532 1855 1729 
Norway_008515.jpg,
Norway_008516.jpg,
Norway_008517.jpg,1 1352 1148 1397 1307 
Norway_008518.jpg,1 1459 1277 1540 1500 1 1281 1330 1498 2027 
Norway_008519.jpg,1 48 1290 431 1465 
Norway_008520.jpg,2 354 1738 1897 1839 1 1576 1202 1653 1437 
Norway_008521.jpg,1 1574 1062 1615 1129 1 1008 1225 1107 1282 
Norway_008522.jpg,
Norway_008523.jpg,
Norway_008524.jpg,
Norway_008525.jpg,1 1743 1359 1850 1474 
Norway_008526.jpg,
Norway_008527.jpg,
Norway_008528.jpg,3 0 1578 652 1995 3 1506 1558 1941 2041 3 783 1452 1388 2043 
Norway_008529.jpg,
Norway_008530.jpg,2 857 1770 1882 1897 
Norway_008531.jpg,
Norway_008532.jpg,1 2 1547 251 2040 1 1093 1358 1262 1643 1 297 1560 726 2027 1 0 1474 272 1751 1 263 1537 620 1746 1 1013 1719 1190 2024 
Norway_008533.jpg,1 396 1316 1245 2013 
Norway_008534.jpg,2 270 1457 1693 1538 1 1602 1321 1947 2016 
Norway_008535.jpg,1 2084 1832 2281 2019 1 1601 1349 1944 2026 
Norway_008536.jpg,
Norway_008537.jpg,
Norway_008538.jpg,
Norway_008539.jpg,
Norway_008540.jpg,1 1605 1503 1696 1754 1 1740 1752 1849 2035 
Norway_008541.jpg,
Norway_008542.jpg,1 1119 1474 1228 1661 1 1298 1224 1521 1479 1 858 1825 943 2040 
Norway_008543.jpg,
Norway_008544.jpg,
Norway_008545.jpg,
Norway_008546.jpg,1 1548 1157 1683 1332 
Norway_008547.jpg,
Norway_008548.jpg,1 823 1675 1084 2020 1 1454 1335 1521 1408 1 830 1440 1213 2005 1 17 1551 216 1692 1 546 1297 775 1416 1 1396 1432 1751 2027 1 396 1430 829 1771 
Norway_008549.jpg,
Norway_008550.jpg,1 1244 1169 1297 1228 
Norway_008551.jpg,
Norway_008552.jpg,1 1524 1137 1565 1224 1 899 1612 1276 2013 1 1326 1308 1433 1629 
Norway_008553.jpg,
Norway_008554.jpg,
Norway_008555.jpg,3 1713 1512 2482 2021 
Norway_008556.jpg,1 359 1151 934 1988 1 0 1542 399 1967 
Norway_008557.jpg,
Norway_008558.jpg,
Norway_008559.jpg,1 6 1224 667 1443 1 1439 1182 1506 1363 1 237 1546 754 1993 
Norway_008560.jpg,1 927 1803 1028 1962 
Norway_008561.jpg,
Norway_008562.jpg,1 1665 1384 1752 1543 1 383 1609 794 2032 1 1597 1629 1736 2030 
Norway_008563.jpg,1 1606 1289 1849 1516 1 1548 1161 1659 1292 1 1549 1177 1606 1286 1 1843 1569 2016 2038 1 1898 1794 2013 2039 1 1757 1348 1942 1509 1 1624 1364 1757 1503 1 1823 1529 1968 1804 
Norway_008564.jpg,1 1995 1843 2102 2032 
Norway_008565.jpg,1 475 1400 754 1755 
Norway_008566.jpg,
Norway_008567.jpg,
Norway_008568.jpg,1 1437 1194 1476 1251 1 312 1637 763 2026 1 136 1941 225 2036 1 318 1388 985 2003 
Norway_008569.jpg,
Norway_008570.jpg,
Norway_008571.jpg,
Norway_008572.jpg,
Norway_008573.jpg,
Norway_008574.jpg,1 425 1170 1090 2019 
Norway_008575.jpg,
Norway_008576.jpg,1 1452 1646 1677 2021 
Norway_008577.jpg,
Norway_008578.jpg,
Norway_008579.jpg,
Norway_008580.jpg,1 1427 1129 1458 1194 1 721 1198 988 1325 1 1480 1216 1525 1275 1 1325 1569 1408 1798 1 1322 1681 1375 1790 1 1390 1546 1429 1687 1 1267 1211 1326 1290 
Norway_008581.jpg,
Norway_008582.jpg,2 715 1477 1742 1544 
Norway_008583.jpg,
Norway_008584.jpg,
Norway_008585.jpg,
Norway_008586.jpg,
Norway_008587.jpg,
Norway_008588.jpg,2 323 1609 2344 1710 
Norway_008589.jpg,
Norway_008590.jpg,1 1247 1782 1318 2027 1 1294 1140 1335 1211 1 1270 1424 1411 1983 
Norway_008591.jpg,
Norway_008592.jpg,
Norway_008593.jpg,1 1663 1457 2322 2026 
Norway_008594.jpg,1 0 1606 446 1991 1 1445 1233 1522 1502 1 1181 1530 1400 1839 
Norway_008595.jpg,
Norway_008596.jpg,
Norway_008597.jpg,1 473 1462 960 2011 1 0 1576 290 1985 1 383 1293 810 1514 1 0 1490 432 1823 1 1708 1634 1777 1793 1 1557 1724 1656 2035 
Norway_008598.jpg,1 1682 1534 2121 2005 
Norway_008599.jpg,
Norway_008600.jpg,
Norway_008601.jpg,
Norway_008602.jpg,
Norway_008603.jpg,1 1478 1393 1553 1622 
Norway_008604.jpg,1 553 1262 806 1363 1 806 1331 951 1438 1 376 1270 793 1473 1 1455 1591 1546 1934 1 892 1207 1055 1308 1 674 1255 827 1324 1 258 1316 707 1527 1 874 1571 1099 2020 1 1028 1204 1293 1631 1 1537 1319 1658 1432 1 837 1212 1050 1365 1 1264 1493 1341 2016 1 2 1653 109 1726 1 37 1373 570 1604 1 1114 1184 1295 1355 1 1464 1597 1535 1780 1 1710 1443 1771 1554 1 879 1261 1288 2000 1 1489 1867 1572 2040 1 1670 1557 1971 1920 
Norway_008605.jpg,1 887 1534 1026 2003 1 1089 1070 1150 1277 
Norway_008606.jpg,
Norway_008607.jpg,
Norway_008608.jpg,1 1152 1126 1217 1209 
Norway_008609.jpg,
Norway_008610.jpg,1 211 1623 640 2010 
Norway_008611.jpg,
Norway_008612.jpg,
Norway_008613.jpg,
Norway_008614.jpg,
Norway_008615.jpg,
Norway_008616.jpg,
Norway_008617.jpg,
Norway_008618.jpg,1 2 1299 595 1778 
Norway_008619.jpg,
Norway_008620.jpg,
Norway_008621.jpg,
Norway_008622.jpg,
Norway_008623.jpg,
Norway_008624.jpg,
Norway_008625.jpg,
Norway_008626.jpg,
Norway_008627.jpg,
Norway_008628.jpg,
Norway_008629.jpg,
Norway_008630.jpg,1 2407 1541 2956 2036 
Norway_008631.jpg,
Norway_008632.jpg,1 1567 1703 1804 2038 3 1474 1529 1811 2040 1 1896 1701 2183 2020 1 919 1842 998 2029 1 466 1352 677 1505 1 1114 1389 1225 1620 1 10 1481 417 1726 1 985 1636 1102 1915 1 651 1572 954 2027 1 418 1870 545 2039 
Norway_008633.jpg,
Norway_008634.jpg,
Norway_008635.jpg,1 1528 1409 2101 2020 
Norway_008636.jpg,3 1402 1490 1755 2029 
Norway_008637.jpg,
Norway_008638.jpg,
Norway_008639.jpg,
Norway_008640.jpg,1 8 1425 529 1764 
Norway_008641.jpg,1 199 1241 1034 1618 1 1562 1575 1791 2038 
Norway_008642.jpg,
Norway_008643.jpg,
Norway_008644.jpg,
Norway_008645.jpg,
Norway_008646.jpg,
Norway_008647.jpg,
Norway_008648.jpg,1 1429 1107 1502 1240 1 1445 1161 1520 1238 1 9 1577 226 1782 1 1473 1197 1526 1248 1 215 1409 586 1620 1 1420 1106 1469 1183 
Norway_008649.jpg,
Norway_008650.jpg,1 1345 1183 1432 1322 1 1396 1112 1477 1197 1 363 1564 946 1835 1 1104 1203 1201 1258 1 1221 1907 1262 2040 1 6 1593 453 1784 1 1164 1242 1269 1363 1 3 1613 260 1760 1 1478 1232 1521 1319 1 81 1593 770 1830 1 1475 1319 1536 1484 1 935 1395 1130 1546 1 1355 1131 1472 1318 1 1472 1474 1531 1647 1 1283 1319 1416 1494 1 1566 1252 1773 1943 1 651 1604 940 1873 1 0 1776 140 1929 1 1230 1630 1403 1997 1 1544 1883 1623 2040 
Norway_008651.jpg,1 1492 1570 1555 1711 1 1460 1457 1513 1526 1 1463 1524 1578 1729 1 571 1333 704 1392 1 1608 1683 1649 1770 1 579 1302 774 1399 1 1582 1529 1623 1610 1 1485 1249 1560 1396 1 1485 1727 1604 2042 
Norway_008652.jpg,
Norway_008653.jpg,1 537 1597 856 2004 1 1319 1113 1358 1250 1 1101 1184 1148 1281 1 695 1099 956 1218 1 5 1213 656 1550 1 770 1539 885 1758 1 1378 1241 1535 1484 1 1414 1506 1637 1803 
Norway_008654.jpg,
Norway_008655.jpg,
Norway_008656.jpg,
Norway_008657.jpg,
Norway_008658.jpg,
Norway_008659.jpg,
Norway_008660.jpg,
Norway_008661.jpg,
Norway_008662.jpg,
Norway_008663.jpg,1 4 1473 487 1776 1 1277 1158 1386 1281 1 724 1336 1115 1687 1 1071 1192 1186 1257 1 763 1232 1012 1383 1 1387 1503 1468 1650 1 514 1444 697 1561 1 306 1736 659 2021 1 1391 1858 1444 2031 1 1172 1324 1339 1645 1 834 1869 997 2040 
Norway_008664.jpg,
Norway_008665.jpg,1 1590 1324 1731 1715 1 1600 1330 1677 1485 
Norway_008666.jpg,
Norway_008667.jpg,
Norway_008668.jpg,
Norway_008669.jpg,
Norway_008670.jpg,
Norway_008671.jpg,
Norway_008672.jpg,
Norway_008673.jpg,
Norway_008674.jpg,
Norway_008675.jpg,
Norway_008676.jpg,
Norway_008677.jpg,1 1459 1221 1492 1286 1 1161 1651 1266 1904 1 1294 1308 1375 1479 1 1523 1121 1552 1172 1 1656 1275 1751 1454 1 1564 1673 1661 2036 1 708 1749 815 2028 
Norway_008678.jpg,
Norway_008679.jpg,1 0 1501 359 1716 
Norway_008680.jpg,
Norway_008681.jpg,1 1531 1400 2090 2015 
Norway_008682.jpg,
Norway_008683.jpg,
Norway_008684.jpg,
Norway_008685.jpg,
Norway_008686.jpg,1 1229 1145 1262 1194 1 526 1281 801 1410 
Norway_008687.jpg,1 1636 1594 1967 2021 
Norway_008688.jpg,1 3242 552 3291 683 
Norway_008689.jpg,
Norway_008690.jpg,
Norway_008691.jpg,
Norway_008692.jpg,1 160 1539 301 1630 
Norway_008693.jpg,2 110 1504 1563 1597 
Norway_008694.jpg,
Norway_008695.jpg,1 1843 1891 2012 2040 
Norway_008696.jpg,1 1590 1197 1649 1300 1 2908 791 3069 944 1 3075 776 3214 881 1 1385 1239 1454 1358 2 11 1514 858 1743 1 1229 1228 1354 1377 1 455 1397 602 1472 1 536 1335 979 1596 1 1524 1375 1673 2026 1 1199 1383 1358 1648 1 809 1633 1058 2010 
Norway_008697.jpg,
Norway_008698.jpg,
Norway_008699.jpg,
Norway_008700.jpg,
Norway_008701.jpg,1 221 1720 496 2013 
Norway_008702.jpg,
Norway_008703.jpg,
Norway_008704.jpg,
Norway_008705.jpg,
Norway_008706.jpg,
Norway_008707.jpg,1 1500 1509 1577 1688 1 1088 1209 1243 1300 1 1134 1453 1299 1706 1 1757 1406 1908 1795 1 188 1771 537 2026 1 1500 1526 1529 1671 1 692 1520 1047 1783 
Norway_008708.jpg,
Norway_008709.jpg,
Norway_008710.jpg,
Norway_008711.jpg,1 1071 1128 1190 1283 4 1331 1450 1432 1515 1 1277 1159 1360 1340 1 1260 1265 1331 1328 1 1309 1161 1370 1278 1 0 1483 493 1820 1 14 1335 621 1690 1 1286 1141 1365 1248 1 144 1325 713 1536 1 66 1559 701 2022 1 1146 1221 1225 1308 
Norway_008712.jpg,
Norway_008713.jpg,
Norway_008714.jpg,
Norway_008715.jpg,1 297 1758 620 2027 
Norway_008716.jpg,1 1331 1228 1452 1819 
Norway_008717.jpg,1 1251 1169 1352 1254 
Norway_008718.jpg,
Norway_008719.jpg,
Norway_008720.jpg,
Norway_008721.jpg,
Norway_008722.jpg,1 1581 1455 2076 2022 
Norway_008723.jpg,
Norway_008724.jpg,
Norway_008725.jpg,1 1527 1331 1648 1462 1 1591 1240 1680 1413 1 1504 1400 1609 1479 1 232 1542 377 1633 1 1778 1501 1955 2016 1 506 1349 789 1496 1 389 1940 494 2037 
Norway_008726.jpg,
Norway_008727.jpg,
Norway_008728.jpg,2 866 1640 1349 1683 4 1713 1491 1812 1540 
Norway_008729.jpg,1 1448 1164 1567 1353 1 1441 1211 1598 2016 1 0 1507 360 1874 
Norway_008730.jpg,1 8 1477 489 1744 1 1423 1186 1550 1875 1 364 1443 549 1544 1 1607 1405 1700 1502 1 2004 1814 2115 2043 2 0 1795 1343 1944 1 1539 1198 1610 1315 
Norway_008731.jpg,
Norway_008732.jpg,
Norway_008733.jpg,1 602 1301 899 1436 1 202 1595 867 2018 1 1555 1322 1702 1495 
Norway_008734.jpg,
Norway_008735.jpg,
Norway_008736.jpg,
Norway_008737.jpg,
Norway_008738.jpg,
Norway_008739.jpg,
Norway_008740.jpg,
Norway_008741.jpg,
Norway_008742.jpg,
Norway_008743.jpg,
Norway_008744.jpg,2 3623 1641 4036 1726 
Norway_008745.jpg,
Norway_008746.jpg,1 1233 1666 1334 2021 1 1230 1190 1277 1259 
Norway_008747.jpg,1 648 1682 761 1787 1 181 1529 582 1764 1 1375 1215 1458 1454 1 813 1879 904 1976 1 1328 1415 1379 1544 1 1157 1517 1274 1676 1 691 1934 760 2031 1 999 1305 1116 1454 
Norway_008748.jpg,
Norway_008749.jpg,
Norway_008750.jpg,
Norway_008751.jpg,
Norway_008752.jpg,
Norway_008753.jpg,1 1255 1387 1416 2040 1 1743 1859 1838 2030 
Norway_008754.jpg,
Norway_008755.jpg,1 1034 1331 1227 1522 1 1622 1255 1653 1310 1 1242 1184 1445 1301 
Norway_008756.jpg,
Norway_008757.jpg,
Norway_008758.jpg,
Norway_008759.jpg,
Norway_008760.jpg,
Norway_008761.jpg,
Norway_008762.jpg,
Norway_008763.jpg,
Norway_008764.jpg,
Norway_008765.jpg,
Norway_008766.jpg,
Norway_008767.jpg,
Norway_008768.jpg,
Norway_008769.jpg,
Norway_008770.jpg,
Norway_008771.jpg,
Norway_008772.jpg,
Norway_008773.jpg,
Norway_008774.jpg,
Norway_008775.jpg,
Norway_008776.jpg,1 218 1413 703 1654 1 731 1592 1006 1913 1 1042 1385 1121 1506 
Norway_008777.jpg,
Norway_008778.jpg,
Norway_008779.jpg,
Norway_008780.jpg,
Norway_008781.jpg,
Norway_008782.jpg,
Norway_008783.jpg,
Norway_008784.jpg,
Norway_008785.jpg,1 1471 1247 1516 1328 1 294 1399 693 1546 1 366 1376 867 1499 1 687 1362 850 1443 1 349 1371 1020 2010 
Norway_008786.jpg,1 1452 1595 1521 1712 1 1581 1458 1660 1621 1 1537 1388 1660 1625 
Norway_008787.jpg,
Norway_008788.jpg,
Norway_008789.jpg,1 1452 1549 1723 2038 1 316 1312 679 1511 1 1473 1847 1544 2028 1 10 1461 367 1728 1 1 1513 236 1704 1 581 1500 760 1727 1 542 1212 835 1377 1 446 1235 801 1454 1 1350 1936 1391 2031 1 0 1676 155 2035 3 1152 1218 1337 1371 1 1160 1839 1215 2038 3 829 1225 1040 1404 1 1641 1514 2108 2007 1 808 1593 883 1776 1 1155 1704 1240 2035 
Norway_008790.jpg,
Norway_008791.jpg,
Norway_008792.jpg,1 1433 1326 1536 1449 1 1346 1252 1377 1287 1 1389 1311 1436 1398 1 1211 1134 1316 1207 1 1389 1258 1518 1431 1 1434 1139 1489 1258 1 1436 1135 1521 1422 1 1328 1445 1447 2010 
Norway_008793.jpg,
Norway_008794.jpg,
Norway_008795.jpg,
Norway_008796.jpg,
Norway_008797.jpg,
Norway_008798.jpg,
Norway_008799.jpg,
Norway_008800.jpg,
Norway_008801.jpg,1 1092 1454 1367 1953 
Norway_008802.jpg,
Norway_008803.jpg,
Norway_008804.jpg,1 1440 1234 1499 1365 1 0 1352 488 1619 1 859 1153 1292 1504 1 1476 1283 1621 2016 
Norway_008805.jpg,1 303 1753 646 2022 
Norway_008806.jpg,
Norway_008807.jpg,
Norway_008808.jpg,1 1281 1192 1414 1325 1 1285 1152 1436 1261 3 1382 1292 2135 2043 1 1285 1270 1382 1343 
Norway_008809.jpg,1 1724 1271 2049 1570 1 2074 1542 2729 2027 
Norway_008810.jpg,
Norway_008811.jpg,
Norway_008812.jpg,1 401 1409 884 2026 1 502 1226 1087 1959 1 680 1280 1055 1663 1 425 1662 796 2001 
Norway_008813.jpg,1 1649 1845 1762 2030 1 1457 1253 1676 1582 1 1437 1238 1816 1875 1 1628 1647 1681 1830 1 1538 1334 1915 2037 1 1669 1599 1912 2012 
Norway_008814.jpg,1 1474 1466 2023 2023 
Norway_008815.jpg,1 1291 1140 1462 1465 
Norway_008816.jpg,
Norway_008817.jpg,1 1129 1263 1274 1360 1 1575 1140 1608 1189 
Norway_008818.jpg,
Norway_008819.jpg,
Norway_008820.jpg,1 284 1366 701 1611 2 18 1696 1459 1807 
Norway_008821.jpg,
Norway_008822.jpg,1 1360 1626 1391 1695 2 362 1446 1531 1507 1 1357 1622 1480 1879 1 1199 1144 1300 1375 1 1393 1731 1476 1868 
Norway_008823.jpg,
Norway_008824.jpg,
Norway_008825.jpg,1 312 1300 849 1993 
Norway_008826.jpg,1 2564 1197 2861 1320 
Norway_008827.jpg,1 1732 1370 1889 1567 
Norway_008828.jpg,
Norway_008829.jpg,1 1360 1263 1473 1458 
Norway_008830.jpg,
Norway_008831.jpg,
Norway_008832.jpg,
Norway_008833.jpg,
Norway_008834.jpg,
Norway_008835.jpg,
Norway_008836.jpg,
Norway_008837.jpg,
Norway_008838.jpg,
Norway_008839.jpg,1 1961 1730 2136 2035 1 1815 1525 2146 2036 
Norway_008840.jpg,
Norway_008841.jpg,
Norway_008842.jpg,1 1628 1758 1731 2023 1 1823 1822 1874 1911 1 1578 1545 1715 1992 
Norway_008843.jpg,
Norway_008844.jpg,
Norway_008845.jpg,
Norway_008846.jpg,
Norway_008847.jpg,
Norway_008848.jpg,
Norway_008849.jpg,
Norway_008850.jpg,
Norway_008851.jpg,
Norway_008852.jpg,
Norway_008853.jpg,1 1452 1228 1551 1371 
Norway_008854.jpg,
Norway_008855.jpg,2 660 1702 2053 1781 1 1190 1368 1305 1577 
Norway_008856.jpg,
Norway_008857.jpg,
Norway_008858.jpg,
Norway_008859.jpg,1 1587 1250 1768 1523 1 1758 1487 2109 2016 
Norway_008860.jpg,1 660 1699 957 2014 
Norway_008861.jpg,
Norway_008862.jpg,
Norway_008863.jpg,
Norway_008864.jpg,
Norway_008865.jpg,
Norway_008866.jpg,
Norway_008867.jpg,
Norway_008868.jpg,
Norway_008869.jpg,
Norway_008870.jpg,
Norway_008871.jpg,
Norway_008872.jpg,
Norway_008873.jpg,
Norway_008874.jpg,
Norway_008875.jpg,
Norway_008876.jpg,
Norway_008877.jpg,
Norway_008878.jpg,
Norway_008879.jpg,
Norway_008880.jpg,1 1009 1297 1086 1474 
Norway_008881.jpg,1 1271 1153 1330 1226 1 287 1935 402 2034 
Norway_008882.jpg,
Norway_008883.jpg,1 3 1649 320 1970 1 294 1437 657 1636 
Norway_008884.jpg,
Norway_008885.jpg,
Norway_008886.jpg,
Norway_008887.jpg,1 501 1803 692 2024 
Norway_008888.jpg,
Norway_008889.jpg,
Norway_008890.jpg,
Norway_008891.jpg,
Norway_008892.jpg,
Norway_008893.jpg,2 458 1620 1701 1703 
Norway_008894.jpg,
Norway_008895.jpg,
Norway_008896.jpg,2 25 1643 1680 1750 
Norway_008897.jpg,
Norway_008898.jpg,
Norway_008899.jpg,
Norway_008900.jpg,1 1555 1416 2068 1999 
Norway_008901.jpg,
Norway_008902.jpg,2 291 1541 2008 1672 1 1551 1064 1642 1407 
Norway_008903.jpg,
Norway_008904.jpg,
Norway_008905.jpg,
Norway_008906.jpg,
Norway_008907.jpg,
Norway_008908.jpg,
Norway_008909.jpg,1 11 1349 562 1626 1 628 1255 885 1434 1 185 1356 960 2023 
Norway_008910.jpg,
Norway_008911.jpg,
Norway_008912.jpg,
Norway_008913.jpg,3 1856 1564 2561 2043 2 67 1870 1992 1977 3 1721 1340 2159 2025 
Norway_008914.jpg,
Norway_008915.jpg,1 485 1293 842 1490 
Norway_008916.jpg,
Norway_008917.jpg,
Norway_008918.jpg,
Norway_008919.jpg,
Norway_008920.jpg,1 318 1812 463 2019 1 1066 1187 1241 1284 1 1626 1371 1749 1568 1 1134 1173 1247 1254 1 1583 1498 1638 1655 1 1268 1172 1339 1247 1 1423 1189 1472 1256 1 301 1321 950 1772 1 670 1273 1111 1558 1 1625 1490 1772 2025 1 292 1506 733 1775 1 555 1631 938 2040 1 1474 1221 1585 1454 1 304 1922 427 2035 1 1075 1433 1504 2022 1 1185 1244 1366 1465 1 0 1728 275 2033 
Norway_008921.jpg,1 959 1203 1092 1374 
Norway_008922.jpg,
Norway_008923.jpg,
Norway_008924.jpg,
Norway_008925.jpg,
Norway_008926.jpg,
Norway_008927.jpg,
Norway_008928.jpg,1 8 1251 827 1668 
Norway_008929.jpg,1 1632 1158 1733 1313 1 1160 1160 1443 1475 1 794 1631 1087 1922 2 1138 1511 1921 1586 
Norway_008930.jpg,
Norway_008931.jpg,
Norway_008932.jpg,
Norway_008933.jpg,
Norway_008934.jpg,
Norway_008935.jpg,
Norway_008936.jpg,
Norway_008937.jpg,
Norway_008938.jpg,
Norway_008939.jpg,
Norway_008940.jpg,
Norway_008941.jpg,
Norway_008942.jpg,
Norway_008943.jpg,
Norway_008944.jpg,1 1350 1541 1535 1998 
Norway_008945.jpg,
Norway_008946.jpg,
Norway_008947.jpg,4 842 1660 1033 1765 
Norway_008948.jpg,1 1114 1106 1183 1203 
Norway_008949.jpg,1 763 1351 1044 1646 1 353 1674 722 2017 1 939 1178 1022 1311 
Norway_008950.jpg,
Norway_008951.jpg,
Norway_008952.jpg,1 1525 1139 1604 1308 1 476 1542 937 2015 1 1509 1285 1610 1608 
Norway_008953.jpg,
Norway_008954.jpg,
Norway_008955.jpg,
Norway_008956.jpg,1 36 1443 367 1598 1 455 1336 606 1437 
Norway_008957.jpg,1 1285 1289 1786 2020 
Norway_008958.jpg,1 697 1382 1004 1633 1 657 1399 1028 1968 1 1494 1352 1539 1443 
Norway_008959.jpg,1 444 1269 609 1358 
Norway_008960.jpg,
Norway_008961.jpg,
Norway_008962.jpg,1 319 1481 992 2040 1 333 1658 794 2025 
Norway_008963.jpg,
Norway_008964.jpg,
Norway_008965.jpg,
Norway_008966.jpg,
Norway_008967.jpg,
Norway_008968.jpg,
Norway_008969.jpg,
Norway_008970.jpg,1 1452 1128 1501 1193 1 1326 1203 1459 1374 1 1192 1166 1277 1223 1 1317 1310 1356 1381 1 1191 1345 1246 1408 1 1267 1452 1302 1557 1 919 1200 1104 1341 
Norway_008971.jpg,1 1792 1499 1913 1644 1 357 1239 920 1490 1 1611 1287 1702 1404 1 1992 1741 2169 2030 1 1026 1356 1261 1715 
Norway_008972.jpg,1 1449 1244 2196 2031 
Norway_008973.jpg,1 386 1334 991 2025 1 1021 1130 1132 1207 1 -1 1469 365 1792 1 1360 1481 1407 1600 
Norway_008974.jpg,1 1397 1173 1442 1262 1 2057 1728 2314 2029 1 1543 1605 1718 2028 1 459 1489 958 2024 1 802 1728 911 2033 
Norway_008975.jpg,
Norway_008976.jpg,
Norway_008977.jpg,
Norway_008978.jpg,
Norway_008979.jpg,
Norway_008980.jpg,
Norway_008981.jpg,
Norway_008982.jpg,
Norway_008983.jpg,1 1294 1186 1485 1449 
Norway_008984.jpg,
Norway_008985.jpg,
Norway_008986.jpg,
Norway_008987.jpg,
Norway_008988.jpg,1 174 1431 515 1586 1 2031 1827 2158 2024 1 1616 1510 1703 1641 1 582 1228 1007 1419 1 1618 1490 1779 1675 1 391 1303 838 1668 1 254 1344 713 1569 1 1332 1381 1571 2012 1 469 1464 752 1721 1 1402 1245 1457 1448 1 1595 1378 1832 1669 1 970 1221 1297 1510 1 1456 1409 1609 2040 1 1295 1409 1410 2010 1 799 1264 1298 2001 
Norway_008989.jpg,
Norway_008990.jpg,1 1519 1279 1714 2012 
Norway_008991.jpg,
Norway_008992.jpg,
Norway_008993.jpg,
Norway_008994.jpg,1 1391 1320 1890 2027 
Norway_008995.jpg,
Norway_008996.jpg,
Norway_008997.jpg,
Norway_008998.jpg,
Norway_008999.jpg,
Norway_009000.jpg,1 1420 1284 1531 1557 1 1458 1195 1581 1328 1 1625 1200 1662 1331 1 1024 1262 1219 1379 1 190 1878 421 2033 1 1621 1146 1680 1331 1 1429 1192 1570 1453 1 1260 1214 1331 1269 1 839 1265 1196 1528 1 1390 1521 1505 1930 1 1574 1353 1647 1526 1 836 1355 1087 1532 1 407 1581 782 1906 1 374 1384 537 1463 1 847 1552 926 1633 
Norway_009001.jpg,
Norway_009002.jpg,
Norway_009003.jpg,
Norway_009004.jpg,2 86 1825 1087 2024 2 407 1566 800 1681 1 1072 1307 1145 1382 1 1235 1144 1324 1229 1 1444 1180 1489 1341 2 92 1827 575 1982 1 1305 1148 1406 1351 1 80 1572 445 1829 1 1511 1162 1614 1475 1 1445 1634 1496 1787 1 1462 1448 1617 1651 1 1572 1790 1637 2029 1 1016 1687 1129 2038 1 1176 1403 1395 1772 1 1667 1614 1898 2031 
Norway_009005.jpg,
Norway_009006.jpg,2 302 1715 2139 1864 1 543 1216 1102 1803 
Norway_009007.jpg,1 1444 1402 1895 2017 
Norway_009008.jpg,
Norway_009009.jpg,
Norway_009010.jpg,1 629 1292 708 1371 1 864 1268 1025 1425 1 0 1477 530 1892 1 597 1355 758 1538 1 215 1326 568 1511 1 215 1707 600 2024 
Norway_009011.jpg,1 -1 1645 387 1948 
Norway_009012.jpg,
Norway_009013.jpg,
Norway_009014.jpg,2 0 1380 1690 1553 
Norway_009015.jpg,
Norway_009016.jpg,
Norway_009017.jpg,
Norway_009018.jpg,
Norway_009019.jpg,
Norway_009020.jpg,
Norway_009021.jpg,1 658 1685 813 1846 3 1469 1241 1880 2040 1 635 1488 998 1847 1 1055 1301 1156 1426 
Norway_009022.jpg,
Norway_009023.jpg,
Norway_009024.jpg,
Norway_009025.jpg,1 1632 1283 1733 1434 1 632 1290 1027 1483 1 1667 1330 1730 1441 1 0 1566 442 1827 1 896 1519 1053 1610 1 240 1506 841 1863 
Norway_009026.jpg,
Norway_009027.jpg,
Norway_009028.jpg,
Norway_009029.jpg,
Norway_009030.jpg,
Norway_009031.jpg,1 1411 1090 1472 1255 2 469 1387 1854 1480 1 1426 1386 1611 2025 
Norway_009032.jpg,
Norway_009033.jpg,
Norway_009034.jpg,
Norway_009035.jpg,1 0 1626 253 1965 1 0 1358 640 1801 1 0 1462 430 1933 
Norway_009036.jpg,
Norway_009037.jpg,
Norway_009038.jpg,
Norway_009039.jpg,
Norway_009040.jpg,
Norway_009041.jpg,
Norway_009042.jpg,
Norway_009043.jpg,
Norway_009044.jpg,
Norway_009045.jpg,1 1563 1378 1722 1781 
Norway_009046.jpg,
Norway_009047.jpg,
Norway_009048.jpg,
Norway_009049.jpg,
Norway_009050.jpg,1 286 1704 641 2023 1 449 1306 1044 1811 1 1716 1302 2531 2025 
Norway_009051.jpg,
Norway_009052.jpg,
Norway_009053.jpg,
Norway_009054.jpg,
Norway_009055.jpg,
Norway_009056.jpg,
Norway_009057.jpg,
Norway_009058.jpg,
Norway_009059.jpg,1 952 1200 1419 2025 1 3 1489 660 2004 1 790 1350 1005 1479 1 1001 1688 1186 2031 1 1578 1457 1723 1708 
Norway_009060.jpg,1 0 1476 372 1703 1 1477 1167 1692 2008 
Norway_009061.jpg,
Norway_009062.jpg,
Norway_009063.jpg,2 731 1597 1748 1662 
Norway_009064.jpg,
Norway_009065.jpg,1 626 1322 933 1469 2 14 1847 359 1950 
Norway_009066.jpg,
Norway_009067.jpg,
Norway_009068.jpg,
Norway_009069.jpg,
Norway_009070.jpg,
Norway_009071.jpg,
Norway_009072.jpg,
Norway_009073.jpg,
Norway_009074.jpg,2 0 1738 1562 1823 
Norway_009075.jpg,
Norway_009076.jpg,1 463 1376 1050 2025 
Norway_009077.jpg,
Norway_009078.jpg,
Norway_009079.jpg,
Norway_009080.jpg,1 1074 1304 1133 1467 1 4 1211 609 1606 
Norway_009081.jpg,
Norway_009082.jpg,
Norway_009083.jpg,2 717 1491 1794 1616 
Norway_009084.jpg,
Norway_009085.jpg,
Norway_009086.jpg,
Norway_009087.jpg,
Norway_009088.jpg,
Norway_009089.jpg,1 623 1380 1138 1981 1 1619 1381 1746 1732 
Norway_009090.jpg,
Norway_009091.jpg,1 1537 1116 1624 1239 1 1329 1311 1366 1390 
Norway_009092.jpg,1 1543 1417 2112 2012 
Norway_009093.jpg,
Norway_009094.jpg,
Norway_009095.jpg,
Norway_009096.jpg,
Norway_009097.jpg,
Norway_009098.jpg,
Norway_009099.jpg,1 558 1265 851 1404 1 1860 1515 2379 2010 
Norway_009100.jpg,
Norway_009101.jpg,
Norway_009102.jpg,
Norway_009103.jpg,1 1312 1452 1375 1655 
Norway_009104.jpg,1 1203 1331 1258 1380 1 1271 1163 1396 1260 1 478 1386 1101 2015 
Norway_009105.jpg,1 1466 1324 1517 1411 1 851 1232 1030 1321 2 184 1467 1481 1552 1 1049 1209 1180 1260 1 0 1729 358 2020 
Norway_009106.jpg,
Norway_009107.jpg,2 925 1513 1880 1812 1 1816 1785 1989 2042 
Norway_009108.jpg,
Norway_009109.jpg,
Norway_009110.jpg,
Norway_009111.jpg,1 1457 1154 1564 1475 1 532 1325 897 1526 1 1406 1673 1545 2028 1 301 1665 706 2006 1 8 1500 577 1803 1 1672 1597 1963 2020 1 631 1842 786 2039 
Norway_009112.jpg,
Norway_009113.jpg,
Norway_009114.jpg,
Norway_009115.jpg,
Norway_009116.jpg,
Norway_009117.jpg,
Norway_009118.jpg,
Norway_009119.jpg,1 751 1941 834 2036 1 1140 1522 1271 2033 1 1099 1279 1276 1568 
Norway_009120.jpg,
Norway_009121.jpg,
Norway_009122.jpg,
Norway_009123.jpg,
Norway_009124.jpg,
Norway_009125.jpg,
Norway_009126.jpg,1 1534 1542 1691 2007 
Norway_009127.jpg,2 307 1685 1776 1780 
Norway_009128.jpg,
Norway_009129.jpg,
Norway_009130.jpg,
Norway_009131.jpg,
Norway_009132.jpg,
Norway_009133.jpg,
Norway_009134.jpg,
Norway_009135.jpg,1 1099 1204 1172 1285 1 1421 1361 1492 1446 1 1099 1200 1200 1405 
Norway_009136.jpg,
Norway_009137.jpg,
Norway_009138.jpg,
Norway_009139.jpg,
Norway_009140.jpg,
Norway_009141.jpg,1 1762 1610 2159 2013 
Norway_009142.jpg,4 1198 1208 1287 1301 1 297 1329 652 1616 
Norway_009143.jpg,
Norway_009144.jpg,2 875 1474 1794 1541 
Norway_009145.jpg,
Norway_009146.jpg,1 1428 1226 1587 2037 
Norway_009147.jpg,
Norway_009148.jpg,1 1429 1281 1508 1580 1 1455 1109 1482 1202 
Norway_009149.jpg,
Norway_009150.jpg,
Norway_009151.jpg,1 2 1595 331 1954 1 915 1542 1492 2023 
Norway_009152.jpg,1 1556 1304 1837 1669 1 1697 1645 1892 2034 
Norway_009153.jpg,
Norway_009154.jpg,
Norway_009155.jpg,
Norway_009156.jpg,
Norway_009157.jpg,
Norway_009158.jpg,
Norway_009159.jpg,
Norway_009160.jpg,
Norway_009161.jpg,
Norway_009162.jpg,
Norway_009163.jpg,
Norway_009164.jpg,
Norway_009165.jpg,1 5 1475 332 1640 1 0 1404 503 1627 1 1090 1216 1309 1443 1 756 1239 1109 1466 1 1601 1426 1738 1691 
Norway_009166.jpg,
Norway_009167.jpg,
Norway_009168.jpg,2 68 1763 1959 1990 1 608 1308 1099 1689 
Norway_009169.jpg,1 0 1330 682 1907 
Norway_009170.jpg,1 1628 1712 1713 1803 1 1619 1425 1690 1592 1 1829 1816 1978 2025 
Norway_009171.jpg,
Norway_009172.jpg,
Norway_009173.jpg,
Norway_009174.jpg,
Norway_009175.jpg,1 1279 1383 1384 1550 1 567 1397 712 1482 1 1820 1579 2031 2018 1 2036 1756 2183 2019 1 887 1578 1150 1983 3 1362 1379 1721 2016 1 414 1591 759 2016 
Norway_009176.jpg,
Norway_009177.jpg,
Norway_009178.jpg,1 976 1385 1045 1578 
Norway_009179.jpg,2 149 1461 1716 1552 
Norway_009180.jpg,2 1057 1798 1864 1975 
Norway_009181.jpg,1 0 1520 314 1731 1 1292 1097 1427 1178 1 1520 1229 1583 1426 1 838 1174 1269 1359 1 1758 1384 1907 1641 1 177 1417 638 1688 1 0 1698 420 1921 1 581 1325 936 1588 1 1574 1035 1623 1142 1 630 1265 997 1434 1 5 1472 582 1759 1 662 1617 913 1808 1 991 1166 1240 1299 1 902 1878 967 2031 1 2 1735 303 2034 1 583 1463 786 1620 
Norway_009182.jpg,
Norway_009183.jpg,
Norway_009184.jpg,
Norway_009185.jpg,
Norway_009186.jpg,1 15 1500 504 1707 
Norway_009187.jpg,1 1433 1613 1548 2040 
Norway_009188.jpg,
Norway_009189.jpg,1 85 1474 822 2027 
Norway_009190.jpg,
Norway_009191.jpg,
Norway_009192.jpg,1 1580 1199 1663 1318 1 541 1233 1002 1478 3 1556 1384 1943 2037 1 1578 1391 1947 2040 
Norway_009193.jpg,
Norway_009194.jpg,1 1502 1140 1547 1207 2 0 1740 1980 1863 1 1783 1846 1868 2037 1 1872 1932 1919 2033 1 1802 1881 1917 2036 
Norway_009195.jpg,
Norway_009196.jpg,
Norway_009197.jpg,2 1532 1738 1759 1825 1 1342 1250 1449 2017 1 504 1798 751 2029 
Norway_009198.jpg,
Norway_009199.jpg,1 742 1553 895 1710 3 1036 1257 1495 1790 1 469 1744 698 2027 
Norway_009200.jpg,
Norway_009201.jpg,1 955 1432 1132 1601 1 1052 1211 1265 1580 1 1119 1205 1270 1442 1 824 1608 979 1937 1 984 1118 1127 1253 
Norway_009202.jpg,
Norway_009203.jpg,
Norway_009204.jpg,1 1733 1552 1822 1721 
Norway_009205.jpg,
Norway_009206.jpg,
Norway_009207.jpg,1 945 1569 1158 2020 
Norway_009208.jpg,1 1595 1137 1708 1366 2 1202 1345 1545 1464 1 1184 1911 1255 2040 1 434 1471 561 1566 1 1375 1129 1608 1352 1 1246 1460 1409 2025 1 -1 1534 383 1865 1 458 1702 675 1857 1 1097 1234 1338 1421 2 218 1523 1435 1764 1 488 1837 693 2040 
Norway_009209.jpg,
Norway_009210.jpg,
Norway_009211.jpg,
Norway_009212.jpg,
Norway_009213.jpg,
Norway_009214.jpg,
Norway_009215.jpg,1 0 1342 932 1839 
Norway_009216.jpg,
Norway_009217.jpg,
Norway_009218.jpg,
Norway_009219.jpg,
Norway_009220.jpg,
Norway_009221.jpg,
Norway_009222.jpg,
Norway_009223.jpg,
Norway_009224.jpg,
Norway_009225.jpg,
Norway_009226.jpg,
Norway_009227.jpg,
Norway_009228.jpg,
Norway_009229.jpg,
Norway_009230.jpg,
Norway_009231.jpg,
Norway_009232.jpg,1 6 1583 273 1852 1 1221 1849 1296 2036 1 0 1524 446 1807 1 394 1338 863 1577 1 906 1338 1175 1611 1 1630 1617 1693 1824 1 863 1537 998 1726 1 1387 1354 1580 1665 1 295 1689 716 2034 1 1751 1776 1842 2037 
Norway_009233.jpg,
Norway_009234.jpg,1 1364 1223 1461 1366 
Norway_009235.jpg,1 4 1259 493 1546 4 1348 1320 1421 1377 
Norway_009236.jpg,
Norway_009237.jpg,1 198 1235 1263 2040 
Norway_009238.jpg,
Norway_009239.jpg,1 591 1579 994 2010 
Norway_009240.jpg,
Norway_009241.jpg,
Norway_009242.jpg,
Norway_009243.jpg,2 545 1446 1678 1517 
Norway_009244.jpg,
Norway_009245.jpg,
Norway_009246.jpg,1 1412 1162 1455 1243 1 1673 1907 1740 2038 1 1430 1356 1505 1749 1 1437 1052 1460 1099 
Norway_009247.jpg,1 1602 1363 1717 1498 1 905 1563 1020 2024 1 1236 1374 1409 1535 1 29 1633 418 2014 
Norway_009248.jpg,2 967 1887 2076 2016 1 2 1580 161 1947 1 8 1574 167 1755 
Norway_009249.jpg,1 845 1166 1120 1373 1 833 1090 1298 1369 1 1618 1403 1705 1548 1 501 1834 660 2041 1 306 1376 943 1913 
Norway_009250.jpg,
Norway_009251.jpg,
Norway_009252.jpg,
Norway_009253.jpg,1 1439 1678 1536 1811 1 471 1201 598 1268 
Norway_009254.jpg,1 60 1188 665 1507 2 68 1499 569 1570 
Norway_009255.jpg,
Norway_009256.jpg,1 1528 1388 2209 2015 
Norway_009257.jpg,
Norway_009258.jpg,
Norway_009259.jpg,
Norway_009260.jpg,1 671 1582 998 1877 
Norway_009261.jpg,
Norway_009262.jpg,
Norway_009263.jpg,1 597 1921 700 2040 
Norway_009264.jpg,1 0 1439 454 1964 
Norway_009265.jpg,
Norway_009266.jpg,
Norway_009267.jpg,3 1645 1083 1748 1246 1 1913 1463 2128 1684 1 1643 1322 1742 1459 1 1091 1319 1492 1512 1 1288 1795 1567 2032 1 1897 1326 1996 1459 1 2022 1499 2169 1700 1 9 1738 328 1999 1 1739 1779 1870 2030 1 1766 1242 1811 1363 1 1281 1469 1762 2018 1 277 1474 972 1981 1 1646 1323 1699 1428 1 428 1710 829 2021 
Norway_009268.jpg,1 1009 1905 1102 2036 
Norway_009269.jpg,
Norway_009270.jpg,1 1597 1433 2284 2026 
Norway_009271.jpg,
Norway_009272.jpg,
Norway_009273.jpg,
Norway_009274.jpg,
Norway_009275.jpg,
Norway_009276.jpg,
Norway_009277.jpg,
Norway_009278.jpg,
Norway_009279.jpg,1 982 1464 1141 1695 
Norway_009280.jpg,
Norway_009281.jpg,
Norway_009282.jpg,
Norway_009283.jpg,
Norway_009284.jpg,1 999 1179 1206 1254 1 1469 1353 1504 1422 1 1514 1271 1621 1368 1 18 1468 507 1751 1 1605 1273 1718 1474 1 886 1218 1063 1315 1 896 1187 1177 1294 1 1516 1285 1565 1370 1 1439 1176 1484 1255 1 1621 1299 1790 1536 1 171 1413 564 1666 1 1585 1549 1632 1684 1 1191 1831 1318 2042 1 1550 1655 1689 2034 1 1516 1409 1573 1584 
Norway_009285.jpg,2 90 1643 1827 1740 
Norway_009286.jpg,
Norway_009287.jpg,
Norway_009288.jpg,
Norway_009289.jpg,
Norway_009290.jpg,
Norway_009291.jpg,
Norway_009292.jpg,3 1100 1368 2143 2043 
Norway_009293.jpg,
Norway_009294.jpg,
Norway_009295.jpg,
Norway_009296.jpg,
Norway_009297.jpg,
Norway_009298.jpg,
Norway_009299.jpg,
Norway_009300.jpg,
Norway_009301.jpg,
Norway_009302.jpg,1 1 1452 486 1759 1 1503 1391 1854 2026 1 969 1193 1062 1444 
Norway_009303.jpg,
Norway_009304.jpg,
Norway_009305.jpg,
Norway_009306.jpg,
Norway_009307.jpg,
Norway_009308.jpg,
Norway_009309.jpg,1 1542 1105 1587 1198 1 9 1616 84 1723 1 255 1697 426 1790 1 1475 1357 1574 1476 1 1616 1518 1647 1607 1 1516 1380 1579 1485 1 1345 1589 1526 1836 1 1109 1768 1272 1979 
Norway_009310.jpg,
Norway_009311.jpg,
Norway_009312.jpg,
Norway_009313.jpg,1 1283 1283 1356 1446 
Norway_009314.jpg,
Norway_009315.jpg,
Norway_009316.jpg,
Norway_009317.jpg,
Norway_009318.jpg,1 287 1263 514 1392 
Norway_009319.jpg,1 1566 1242 1647 1499 
Norway_009320.jpg,1 532 1265 947 1584 1 370 1255 979 1744 1 30 1561 629 1830 1 23 1301 896 1836 
Norway_009321.jpg,
Norway_009322.jpg,
Norway_009323.jpg,1 1637 1748 1734 2029 1 993 1454 1178 1625 1 1555 1272 1606 1421 1 1734 1678 1931 2025 1 469 1690 812 2023 
Norway_009324.jpg,
Norway_009325.jpg,
Norway_009326.jpg,
Norway_009327.jpg,
Norway_009328.jpg,
Norway_009329.jpg,
Norway_009330.jpg,1 1567 1269 1614 1394 
Norway_009331.jpg,2 1099 1706 1994 1777 1 127 1496 454 1689 
Norway_009332.jpg,
Norway_009333.jpg,
Norway_009334.jpg,
Norway_009335.jpg,1 0 1368 564 1775 1 16 1267 811 1646 
Norway_009336.jpg,
Norway_009337.jpg,
Norway_009338.jpg,
Norway_009339.jpg,
Norway_009340.jpg,4 1556 1488 1655 1577 1 1204 1200 1421 1441 1 735 1378 1182 1841 1 746 1901 813 2032 1 567 1715 828 2024 1 768 1787 927 2024 
Norway_009341.jpg,
Norway_009342.jpg,
Norway_009343.jpg,
Norway_009344.jpg,
Norway_009345.jpg,
Norway_009346.jpg,2 576 1427 1847 1510 
Norway_009347.jpg,
Norway_009348.jpg,
Norway_009349.jpg,1 186 1500 627 2017 
Norway_009350.jpg,1 1403 1204 1452 1287 1 1435 1332 1524 1437 1 1355 1466 1416 1599 
Norway_009351.jpg,
Norway_009352.jpg,
Norway_009353.jpg,1 1660 1658 1785 2025 
Norway_009354.jpg,
Norway_009355.jpg,2 1085 1503 1848 1638 
Norway_009356.jpg,
Norway_009357.jpg,
Norway_009358.jpg,1 333 1927 404 2034 1 1662 1359 1771 1538 3 1226 1321 1497 1748 1 1527 1483 1698 1894 1 3 1446 348 1665 1 1431 1773 1500 2038 1 303 1425 678 1646 1 925 1937 1050 2038 1 1900 1804 2041 2023 1 1562 1837 1659 2040 
Norway_009359.jpg,1 1959 1830 2026 2027 
Norway_009360.jpg,
Norway_009361.jpg,1 1198 1857 1251 2038 
Norway_009362.jpg,
Norway_009363.jpg,2 366 1456 1613 1525 2 228 1630 812 1719 
Norway_009364.jpg,
Norway_009365.jpg,
Norway_009366.jpg,
Norway_009367.jpg,
Norway_009368.jpg,
Norway_009369.jpg,1 317 1631 792 2034 1 469 1310 984 1705 1 349 1337 950 2016 1 953 1630 1174 2027 1 1450 1370 1549 1675 
Norway_009370.jpg,
Norway_009371.jpg,
Norway_009372.jpg,1 1553 1296 1852 2011 
Norway_009373.jpg,1 862 1194 1071 1303 1 1498 1227 1547 1382 1 1654 1868 1719 2039 1 1496 1466 1583 1867 
Norway_009374.jpg,1 1447 1132 1598 1433 1 1529 1377 1760 2018 
Norway_009375.jpg,
Norway_009376.jpg,1 1082 1550 1241 2015 1 1537 1082 1576 1273 2 1491 1327 1638 1386 
Norway_009377.jpg,
Norway_009378.jpg,
Norway_009379.jpg,
Norway_009380.jpg,
Norway_009381.jpg,
Norway_009382.jpg,
Norway_009383.jpg,1 1401 1070 1442 1137 1 1405 1094 1444 1259 1 1412 1195 1445 1262 1 1398 1368 1545 2031 1 1478 1236 1551 1383 
Norway_009384.jpg,
Norway_009385.jpg,1 865 1273 1108 1464 
Norway_009386.jpg,1 597 1823 752 2034 
Norway_009387.jpg,
Norway_009388.jpg,
Norway_009389.jpg,
Norway_009390.jpg,1 8 1543 213 1760 
Norway_009391.jpg,
Norway_009392.jpg,
Norway_009393.jpg,
Norway_009394.jpg,
Norway_009395.jpg,
Norway_009396.jpg,
Norway_009397.jpg,
Norway_009398.jpg,
Norway_009399.jpg,
Norway_009400.jpg,
Norway_009401.jpg,1 820 1423 953 1616 1 1595 1454 1652 1583 1 1645 1658 1690 1773 1 1559 1458 1658 1707 
Norway_009402.jpg,
Norway_009403.jpg,
Norway_009404.jpg,
Norway_009405.jpg,
Norway_009406.jpg,
Norway_009407.jpg,
Norway_009408.jpg,1 6 1485 355 1654 1 660 1423 1073 1888 1 332 1860 539 2033 
Norway_009409.jpg,
Norway_009410.jpg,
Norway_009411.jpg,1 1472 1181 1515 1270 1 9 1450 464 1771 1 177 1751 550 2026 1 1037 1811 1150 2030 1 1567 1553 1734 1792 1 1517 1750 1648 2035 
Norway_009412.jpg,1 1511 1278 1658 1571 
Norway_009413.jpg,
Norway_009414.jpg,
Norway_009415.jpg,
Norway_009416.jpg,
Norway_009417.jpg,1 711 1554 822 1687 1 211 1858 384 2019 
Norway_009418.jpg,
Norway_009419.jpg,
Norway_009420.jpg,1 1325 1527 1554 2024 1 1320 1734 1397 2035 
Norway_009421.jpg,
Norway_009422.jpg,1 1643 1395 2128 2024 
Norway_009423.jpg,1 1446 1253 1485 1320 
Norway_009424.jpg,1 418 1532 635 1917 1 1253 1504 1380 1619 1 472 1611 601 1768 1 1878 1726 1945 1889 1 185 1402 480 1587 1 1382 1456 1613 1893 1 1643 1365 1766 1508 1 962 1158 1111 1313 1 811 1317 1050 1526 1 201 1359 708 1580 1 1600 1311 1757 1480 1 1348 1314 1417 1517 1 1522 1896 1585 2035 1 23 1420 460 1683 1 1463 1475 1624 1736 1 410 1737 603 1974 1 1798 1498 2017 1681 1 2001 1762 2148 2025 1 1318 1676 1413 2035 1 943 1469 1132 1716 1 636 1672 897 2017 
Norway_009425.jpg,1 1862 1732 2103 2027 3 1367 1456 1750 2027 3 1428 1130 1587 1503 
Norway_009426.jpg,1 1639 1781 1730 2028 
Norway_009427.jpg,
Norway_009428.jpg,
Norway_009429.jpg,
Norway_009430.jpg,
Norway_009431.jpg,
Norway_009432.jpg,
Norway_009433.jpg,1 1524 1319 1591 1502 
Norway_009434.jpg,1 1624 1269 1753 1774 1 1593 1756 1712 2039 
Norway_009435.jpg,1 0 1626 349 1953 
Norway_009436.jpg,
Norway_009437.jpg,
Norway_009438.jpg,1 1497 1777 1554 1944 
Norway_009439.jpg,1 1227 1137 1348 1344 1 1198 1180 1349 1461 1 1135 1097 1204 1246 1 915 1366 1074 1583 1 1247 1261 1436 2034 1 554 1656 847 2001 1 1066 1730 1167 2039 
Norway_009440.jpg,
Norway_009441.jpg,1 27 1208 528 1487 
Norway_009442.jpg,1 526 1923 613 2034 1 1648 1229 1755 1312 1 1659 1246 1908 1381 1 1646 1223 1713 1292 1 858 1825 1003 2024 1 1702 1457 1779 1594 1 1131 1751 1228 2038 
Norway_009443.jpg,2 0 1851 1994 1958 
Norway_009444.jpg,
Norway_009445.jpg,
Norway_009446.jpg,
Norway_009447.jpg,1 1637 1273 1798 1474 
Norway_009448.jpg,
Norway_009449.jpg,1 719 1192 1138 1501 
Norway_009450.jpg,
Norway_009451.jpg,
Norway_009452.jpg,
Norway_009453.jpg,
Norway_009454.jpg,
Norway_009455.jpg,1 23 1379 458 1604 1 1571 1671 1694 2024 
Norway_009456.jpg,1 979 1401 1130 1982 
Norway_009457.jpg,
Norway_009458.jpg,
Norway_009459.jpg,1 1464 1255 2097 2014 
Norway_009460.jpg,1 1887 1599 2250 2018 
Norway_009461.jpg,
Norway_009462.jpg,1 1459 1736 1570 2031 
Norway_009463.jpg,
Norway_009464.jpg,
Norway_009465.jpg,1 1491 1210 1562 1405 1 1023 1238 1252 1423 1 1495 1081 1544 1138 1 946 1202 1181 1341 2 1113 1873 1634 2044 1 653 1454 994 1787 1 485 1450 1008 1995 1 949 1204 1060 1287 1 1496 1237 1655 1778 1 1329 1318 1386 1451 
Norway_009466.jpg,
Norway_009467.jpg,
Norway_009468.jpg,
Norway_009469.jpg,
Norway_009470.jpg,
Norway_009471.jpg,1 1420 1487 1563 1680 1 369 1684 554 1831 2 347 1629 1748 1752 1 992 1313 1139 1468 1 1288 1267 1391 1516 1 14 1697 297 2028 1 1274 1737 1443 2016 1 535 1362 938 1653 
Norway_009472.jpg,
Norway_009473.jpg,1 649 1103 1130 1368 1 1996 1569 2071 1660 1 1 1228 862 1699 1 2119 1664 2504 2029 
Norway_009474.jpg,1 1027 1188 1244 1411 1 0 1548 332 1789 1 1687 1458 1764 1635 1 368 1329 801 1574 1 1758 1883 1843 2040 
Norway_009475.jpg,
Norway_009476.jpg,
Norway_009477.jpg,
Norway_009478.jpg,2 25 1645 1648 1740 
Norway_009479.jpg,
Norway_009480.jpg,
Norway_009481.jpg,
Norway_009482.jpg,
Norway_009483.jpg,
Norway_009484.jpg,1 1572 1281 1665 1474 1 307 1491 954 2020 1 1656 1920 1721 2037 1 1514 1193 1669 1458 
Norway_009485.jpg,
Norway_009486.jpg,3 1564 1525 1873 2004 
Norway_009487.jpg,
Norway_009488.jpg,
Norway_009489.jpg,
Norway_009490.jpg,
Norway_009491.jpg,
Norway_009492.jpg,1 802 1286 1015 1427 
Norway_009493.jpg,
Norway_009494.jpg,3 1293 1249 1770 2038 1 0 1280 776 1691 
Norway_009495.jpg,1 1405 1182 2030 2027 
Norway_009496.jpg,
Norway_009497.jpg,
Norway_009498.jpg,
Norway_009499.jpg,
Norway_009500.jpg,
Norway_009501.jpg,1 587 1397 998 1762 1 347 1379 1014 2006 1 270 1754 585 2029 
Norway_009502.jpg,
Norway_009503.jpg,
Norway_009504.jpg,
Norway_009505.jpg,
Norway_009506.jpg,3 1128 1580 1857 2037 3 464 1600 935 1979 
Norway_009507.jpg,
Norway_009508.jpg,2 26 1763 781 1872 1 1227 1227 1280 1302 1 674 1700 859 1907 1 1475 1407 1564 1564 1 998 1313 1169 1510 
Norway_009509.jpg,1 1447 1428 1620 2027 1 1463 1429 1520 1552 1 1539 1260 1626 1467 
Norway_009510.jpg,
Norway_009511.jpg,3 1505 1238 1706 1513 1 969 1319 1230 1498 
Norway_009512.jpg,
Norway_009513.jpg,1 1907 1783 2046 2020 1 1839 1603 2020 1778 
Norway_009514.jpg,
Norway_009515.jpg,1 1259 1731 1498 2024 1 10 1480 499 1775 1 599 1384 814 1569 
Norway_009516.jpg,
Norway_009517.jpg,1 1543 1440 2136 2025 
Norway_009518.jpg,
Norway_009519.jpg,
Norway_009520.jpg,
Norway_009521.jpg,
Norway_009522.jpg,1 1527 1325 1558 1382 1 1591 1950 1648 2043 
Norway_009523.jpg,1 1518 1279 1611 1406 
Norway_009524.jpg,
Norway_009525.jpg,
Norway_009526.jpg,
Norway_009527.jpg,
Norway_009528.jpg,1 1445 1917 1512 2036 1 1388 1305 1635 1988 
Norway_009529.jpg,1 1118 1450 1209 1517 2 1233 1465 1518 1552 1 1209 1349 1294 1478 2 664 1518 1041 1635 1 1479 1576 1634 2009 1 532 1274 905 1471 3 1459 1250 1754 1781 3 1477 1231 1610 1450 1 1715 1727 1802 2020 1 5 1544 456 1911 1 1911 1798 2050 2027 1 1533 1811 1640 2026 
Norway_009530.jpg,3 1450 1694 1661 2031 1 1438 1699 1675 2040 1 1448 1160 1527 1375 
Norway_009531.jpg,1 1189 1181 1256 1232 
Norway_009532.jpg,
Norway_009533.jpg,1 1084 1453 1265 1888 
Norway_009534.jpg,
Norway_009535.jpg,
Norway_009536.jpg,
Norway_009537.jpg,
Norway_009538.jpg,
Norway_009539.jpg,1 54 1421 749 1754 1 7 1558 426 1811 1 1495 1772 1584 2031 1 597 1763 784 2022 3 1395 1116 1592 1359 1 1773 1594 2020 2025 
Norway_009540.jpg,
Norway_009541.jpg,
Norway_009542.jpg,1 1532 1207 1985 2030 
Norway_009543.jpg,
Norway_009544.jpg,
Norway_009545.jpg,
Norway_009546.jpg,
Norway_009547.jpg,1 61 1547 590 1986 1 1053 1254 1098 1297 1 321 1540 586 1759 1 415 1265 756 1434 1 215 1346 526 1507 1 27 1723 354 1990 2 656 1555 1811 1682 1 756 1423 913 1550 1 1174 1660 1281 2033 
Norway_009548.jpg,1 1370 1114 1413 1189 1 1349 1314 1586 2021 1 1438 1171 1643 1684 
Norway_009549.jpg,1 555 1549 662 1664 
Norway_009550.jpg,
Norway_009551.jpg,
Norway_009552.jpg,1 4 1395 349 1664 1 0 1381 646 1988 
Norway_009553.jpg,
Norway_009554.jpg,
Norway_009555.jpg,
Norway_009556.jpg,
Norway_009557.jpg,
Norway_009558.jpg,
Norway_009559.jpg,
Norway_009560.jpg,
Norway_009561.jpg,1 1049 1543 1200 1704 1 1551 1212 1636 1361 1 1542 1195 1591 1292 1 1588 1273 1645 1370 1 1318 1270 1385 1371 1 1464 1267 1491 1322 1 1615 1395 1734 1686 1 1740 1723 1869 2040 1 1357 1289 1494 1516 1 1045 1362 1218 1705 
Norway_009562.jpg,
Norway_009563.jpg,
Norway_009564.jpg,
Norway_009565.jpg,
Norway_009566.jpg,1 1087 1745 1176 2032 1 753 1462 1022 2009 
Norway_009567.jpg,1 932 1127 1295 1296 1 1278 1102 1473 1247 
Norway_009568.jpg,1 1872 1699 2083 2024 3 1502 1315 2133 2026 1 2079 1807 2284 2026 
Norway_009569.jpg,
Norway_009570.jpg,
Norway_009571.jpg,
Norway_009572.jpg,
Norway_009573.jpg,
Norway_009574.jpg,1 1662 1707 2183 1954 1 397 1369 1154 2018 
Norway_009575.jpg,
Norway_009576.jpg,1 1418 1188 1589 1417 1 1442 1210 1563 1313 
Norway_009577.jpg,
Norway_009578.jpg,
Norway_009579.jpg,
Norway_009580.jpg,
Norway_009581.jpg,
Norway_009582.jpg,
Norway_009583.jpg,
Norway_009584.jpg,1 1430 1718 1527 1929 1 1513 1288 1566 1365 1 1446 1699 1593 2012 1 1456 1182 1531 1297 1 1461 1261 1528 1498 1 1443 1109 1514 1264 1 1425 1716 1468 1805 1 1421 1720 1484 1845 1 1521 1312 1554 1373 1 1477 1217 1522 1296 1 216 1908 411 2041 1 1548 1771 1671 2032 1 1131 1209 1230 1290 1 1452 1324 1501 1491 1 1533 1493 1640 1738 1 769 1306 1100 1555 1 451 1604 792 1865 1 1305 1453 1384 1772 
Norway_009585.jpg,1 486 1270 875 1487 
Norway_009586.jpg,
Norway_009587.jpg,
Norway_009588.jpg,
Norway_009589.jpg,1 1566 1267 1627 1442 
Norway_009590.jpg,
Norway_009591.jpg,
Norway_009592.jpg,
Norway_009593.jpg,3 0 1415 793 2002 1 1044 1346 1089 1433 4 1409 1841 1630 1994 
Norway_009594.jpg,
Norway_009595.jpg,1 1180 1185 1345 1340 
Norway_009596.jpg,1 1832 1267 1909 1570 1 0 1711 477 2040 
Norway_009597.jpg,1 1887 1494 2004 1613 
Norway_009598.jpg,2 23 1917 338 2040 1 12 1388 859 1937 1 5 1471 272 1718 1 708 1160 1081 1369 1 1204 1142 1291 1261 1 1092 1265 1227 1604 1 738 1665 1011 2026 
Norway_009599.jpg,
Norway_009600.jpg,
Norway_009601.jpg,
Norway_009602.jpg,
Norway_009603.jpg,
Norway_009604.jpg,1 1623 1148 1698 1329 
Norway_009605.jpg,
Norway_009606.jpg,
Norway_009607.jpg,1 1160 1229 1291 1512 1 1523 1710 1734 2039 1 1427 1093 1628 1384 1 579 1633 882 1944 
Norway_009608.jpg,
Norway_009609.jpg,
Norway_009610.jpg,
Norway_009611.jpg,
Norway_009612.jpg,
Norway_009613.jpg,
Norway_009614.jpg,
Norway_009615.jpg,1 1459 1274 1522 1409 1 2 1506 271 1801 1 1474 1136 1535 1295 1 1398 1378 1549 2043 1 1356 1662 1429 2043 1 1 1489 260 1638 1 1327 1260 1402 1337 1 0 1555 461 1854 1 176 1339 859 1676 1 1367 1141 1416 1228 1 1357 1282 1658 2025 1 5 1625 280 1946 1 1495 1142 1534 1253 1 1466 1320 1507 1413 1 2015 1699 2270 2032 1 1512 1670 1593 1997 1 1279 1281 1398 1412 1 459 1309 916 1550 1 1356 1369 1471 2026 1 1564 1318 1675 1655 1 1711 1770 1822 2023 1 916 1397 1237 2014 
Norway_009616.jpg,
Norway_009617.jpg,
Norway_009618.jpg,
Norway_009619.jpg,
Norway_009620.jpg,
Norway_009621.jpg,
Norway_009622.jpg,
Norway_009623.jpg,
Norway_009624.jpg,
Norway_009625.jpg,1 533 1561 740 1722 1 543 1837 672 1984 2 1216 1624 2017 1975 2 15 1758 512 1981 1 511 1553 1000 1874 
Norway_009626.jpg,
Norway_009627.jpg,
Norway_009628.jpg,
Norway_009629.jpg,
Norway_009630.jpg,
Norway_009631.jpg,
Norway_009632.jpg,
Norway_009633.jpg,
Norway_009634.jpg,
Norway_009635.jpg,
Norway_009636.jpg,
Norway_009637.jpg,
Norway_009638.jpg,
Norway_009639.jpg,
Norway_009640.jpg,1 291 1869 416 2020 
Norway_009641.jpg,1 340 1262 917 1571 1 618 1157 1191 1396 1 827 1140 1210 1323 1 1244 1394 1315 1479 1 4 1453 465 1778 1 1505 1145 1586 1388 1 0 1273 883 1740 1 580 1651 937 2028 
Norway_009642.jpg,1 537 1720 856 2033 
Norway_009643.jpg,
Norway_009644.jpg,
Norway_009645.jpg,
Norway_009646.jpg,
Norway_009647.jpg,
Norway_009648.jpg,
Norway_009649.jpg,1 1712 1671 1821 1988 1 1623 1904 1690 2029 
Norway_009650.jpg,
Norway_009651.jpg,2 282 1395 1705 1470 
Norway_009652.jpg,2 336 1567 2011 1736 
Norway_009653.jpg,1 467 1234 950 1441 1 4 1372 553 1681 
Norway_009654.jpg,
Norway_009655.jpg,
Norway_009656.jpg,1 1209 1620 1290 1913 
Norway_009657.jpg,
Norway_009658.jpg,
Norway_009659.jpg,
Norway_009660.jpg,1 1322 1088 1513 1179 1 642 1409 755 1450 1 921 1250 1362 1987 1 1758 1496 1919 1929 1 1817 1493 1928 1674 1 963 1167 1300 1318 
Norway_009661.jpg,1 1300 1788 1385 2029 
Norway_009662.jpg,
Norway_009663.jpg,
Norway_009664.jpg,2 0 1613 1386 1726 
Norway_009665.jpg,
Norway_009666.jpg,1 1108 1236 1223 1389 1 1567 1445 1676 1778 2 268 1922 1537 2043 1 1421 1049 1466 1152 1 1369 1285 1468 2034 1 910 1448 989 1525 1 1412 1141 1553 1348 1 1576 1473 1833 2022 1 1415 1164 1482 1349 1 1516 1150 1577 1275 1 172 1336 629 1543 1 1572 1309 1647 1450 1 376 1810 605 2025 
Norway_009667.jpg,
Norway_009668.jpg,1 1654 1496 1747 1755 
Norway_009669.jpg,
Norway_009670.jpg,1 10 1455 509 1762 1 1462 1294 1593 1501 1 1896 1608 2273 2017 1 1678 1678 1891 2029 1 1457 1272 1626 1635 
Norway_009671.jpg,
Norway_009672.jpg,
Norway_009673.jpg,2 329 1776 2106 1919 
Norway_009674.jpg,
Norway_009675.jpg,
Norway_009676.jpg,
Norway_009677.jpg,
Norway_009678.jpg,2 57 1891 1890 2026 
Norway_009679.jpg,
Norway_009680.jpg,
Norway_009681.jpg,
Norway_009682.jpg,
Norway_009683.jpg,
Norway_009684.jpg,1 1232 1242 1387 1335 1 978 1321 1169 1506 
Norway_009685.jpg,4 1407 1550 1500 1599 1 359 1213 614 1356 
Norway_009686.jpg,
Norway_009687.jpg,
Norway_009688.jpg,
Norway_009689.jpg,1 1116 1201 1235 1324 1 244 1168 1049 1621 1 0 1728 275 2019 
Norway_009690.jpg,
Norway_009691.jpg,
Norway_009692.jpg,
Norway_009693.jpg,
Norway_009694.jpg,
Norway_009695.jpg,2 337 1750 1212 2005 2 546 1712 1913 1899 
Norway_009696.jpg,
Norway_009697.jpg,1 1121 1364 1162 1433 1 1201 1486 1268 1731 
Norway_009698.jpg,
Norway_009699.jpg,
Norway_009700.jpg,
Norway_009701.jpg,1 1148 1678 1211 1825 1 1429 1806 1518 2043 1 496 1626 737 2027 
Norway_009702.jpg,
Norway_009703.jpg,
Norway_009704.jpg,
Norway_009705.jpg,1 1396 1273 1971 2034 
Norway_009706.jpg,
Norway_009707.jpg,
Norway_009708.jpg,
Norway_009709.jpg,
Norway_009710.jpg,
Norway_009711.jpg,
Norway_009712.jpg,1 1501 1470 1932 2003 2 0 1781 1666 1932 1 1501 1484 1740 1837 
Norway_009713.jpg,
Norway_009714.jpg,
Norway_009715.jpg,
Norway_009716.jpg,
Norway_009717.jpg,
Norway_009718.jpg,
Norway_009719.jpg,
Norway_009720.jpg,
Norway_009721.jpg,
Norway_009722.jpg,
Norway_009723.jpg,
Norway_009724.jpg,
Norway_009725.jpg,1 339 1951 446 2036 1 594 1451 979 2030 
Norway_009726.jpg,
Norway_009727.jpg,
Norway_009728.jpg,1 1980 1661 2351 2028 1 923 1383 994 1462 
Norway_009729.jpg,
Norway_009730.jpg,1 1512 1322 2071 2009 
Norway_009731.jpg,
Norway_009732.jpg,1 1482 1329 1553 1492 1 0 1750 104 2011 1 323 1793 534 2038 
Norway_009733.jpg,
Norway_009734.jpg,
Norway_009735.jpg,
Norway_009736.jpg,
Norway_009737.jpg,1 1293 1345 1384 1448 1 202 1657 549 1858 1 454 1355 891 1590 1 24 1563 527 1842 1 28 1661 537 1982 1 1341 1372 1382 1443 1 1240 1262 1351 1365 1 753 1366 1072 1645 1 826 1437 1271 2038 1 1636 1606 1789 2033 
Norway_009738.jpg,1 696 1932 789 2037 1 1572 1459 1673 1736 
Norway_009739.jpg,
Norway_009740.jpg,
Norway_009741.jpg,1 820 1533 1009 1746 1 15 1372 620 1699 1 415 1276 802 1487 1 189 1275 812 1612 
Norway_009742.jpg,
Norway_009743.jpg,
Norway_009744.jpg,
Norway_009745.jpg,
Norway_009746.jpg,1 1131 1316 1258 1847 
Norway_009747.jpg,1 1546 1369 1599 1434 1 1902 1602 2135 1857 1 0 1569 136 1684 1 1415 1328 1474 1425 1 1541 1247 1576 1286 1 407 1303 900 1506 1 622 1302 913 1449 1 366 1360 733 1529 1 4 1579 129 1790 
Norway_009748.jpg,
Norway_009749.jpg,
Norway_009750.jpg,
Norway_009751.jpg,
Norway_009752.jpg,1 2149 1772 2434 2035 
Norway_009753.jpg,
Norway_009754.jpg,
Norway_009755.jpg,2 17 1756 586 1869 
Norway_009756.jpg,
Norway_009757.jpg,1 3 1777 140 2006 1 651 1442 1010 1721 2 91 1699 1922 1814 1 296 1812 565 2035 1 1112 1479 1201 1604 
Norway_009758.jpg,
Norway_009759.jpg,
Norway_009760.jpg,1 607 1290 790 1485 
Norway_009761.jpg,
Norway_009762.jpg,
Norway_009763.jpg,
Norway_009764.jpg,
Norway_009765.jpg,
Norway_009766.jpg,
Norway_009767.jpg,
Norway_009768.jpg,
Norway_009769.jpg,
Norway_009770.jpg,
Norway_009771.jpg,
Norway_009772.jpg,1 18 1530 467 1809 
Norway_009773.jpg,
Norway_009774.jpg,
Norway_009775.jpg,1 1626 1505 1957 2030 1 1865 1855 1958 2034 1 1410 1465 1461 1568 1 1575 1130 1636 1301 1 1809 1683 1974 2038 1 1713 1274 1780 1377 1 1693 1348 1728 1459 2 1177 1653 1636 1720 1 503 1482 980 1853 1 1412 1466 1511 1579 1 1548 1169 1627 1472 1 1706 1275 1807 1432 1 1243 1937 1282 2040 1 1604 1476 1715 1929 1 1761 1450 1864 1657 
Norway_009776.jpg,1 803 1266 944 1389 1 1124 1141 1171 1192 1 1225 1104 1286 1205 1 423 1386 634 1531 1 1367 1362 1512 2031 1 498 1382 839 1601 1 -1 1623 359 1980 
Norway_009777.jpg,
Norway_009778.jpg,1 3 1525 282 1666 2 298 1823 631 1876 1 248 1348 701 1563 1 1236 1238 1377 1387 1 998 1254 1123 1379 1 779 1345 874 1448 1 89 1585 546 1858 1 106 1888 269 2035 1 559 1466 930 1707 1 1038 1408 1211 1699 1 802 1733 947 2038 
Norway_009779.jpg,
Norway_009780.jpg,
Norway_009781.jpg,
Norway_009782.jpg,
Norway_009783.jpg,1 585 1269 932 1424 1 1322 1111 1411 1190 1 958 1231 1267 1450 1 213 1537 848 2010 
Norway_009784.jpg,
Norway_009785.jpg,
Norway_009786.jpg,
Norway_009787.jpg,1 815 1219 1198 1540 1 1625 1240 1654 1291 1 966 1221 1175 1318 1 1631 1276 1684 1385 1 1362 1236 1407 1295 1 1639 1315 1680 1378 1 0 1614 418 1931 1 770 1340 1161 1639 1 1459 1280 1536 1609 1 1098 1293 1337 1558 1 856 1673 1135 2018 
Norway_009788.jpg,1 871 1355 1194 1638 
Norway_009789.jpg,
Norway_009790.jpg,
Norway_009791.jpg,
Norway_009792.jpg,
Norway_009793.jpg,
Norway_009794.jpg,
Norway_009795.jpg,2 211 1526 1540 1605 
Norway_009796.jpg,
Norway_009797.jpg,
Norway_009798.jpg,
Norway_009799.jpg,
Norway_009800.jpg,1 306 1262 947 1555 1 1091 1217 1412 2040 1 0 1595 273 1964 
Norway_009801.jpg,3 1423 1212 1710 2039 1 1616 1773 1733 2022 2 358 1581 1685 1774 
Norway_009802.jpg,
Norway_009803.jpg,
Norway_009804.jpg,
Norway_009805.jpg,
Norway_009806.jpg,
Norway_009807.jpg,
Norway_009808.jpg,
Norway_009809.jpg,
Norway_009810.jpg,3 1287 1390 1552 2005 1 25 1448 886 1883 
Norway_009811.jpg,
Norway_009812.jpg,1 645 1204 1052 1453 
Norway_009813.jpg,1 2 1551 253 1850 
Norway_009814.jpg,
Norway_009815.jpg,
Norway_009816.jpg,
Norway_009817.jpg,
Norway_009818.jpg,1 1651 1491 2120 2018 
Norway_009819.jpg,
Norway_009820.jpg,
Norway_009821.jpg,1 1575 1216 1640 1349 
Norway_009822.jpg,
Norway_009823.jpg,1 370 1877 489 1988 
Norway_009824.jpg,1 1823 1471 1918 1726 1 1261 1167 1638 1426 2 890 1658 1957 1789 2 0 1631 931 1784 1 617 1649 936 1902 1 868 1426 1129 1607 
Norway_009825.jpg,
Norway_009826.jpg,1 1552 1707 1657 1870 
Norway_009827.jpg,
Norway_009828.jpg,4 1007 1299 1076 1334 
Norway_009829.jpg,1 1529 1225 1608 1510 1 1612 1483 1741 1994 
Norway_009830.jpg,
Norway_009831.jpg,
Norway_009832.jpg,1 1168 1356 1267 1601 
Norway_009833.jpg,
Norway_009834.jpg,
Norway_009835.jpg,
Norway_009836.jpg,
Norway_009837.jpg,
Norway_009838.jpg,
Norway_009839.jpg,
Norway_009840.jpg,
Norway_009841.jpg,
Norway_009842.jpg,1 1579 1327 1714 1520 1 668 1290 857 1411 1 0 1300 812 1725 1 1545 1317 1644 1440 1 1579 1800 1756 1971 1 1669 1435 1748 1632 
Norway_009843.jpg,
Norway_009844.jpg,
Norway_009845.jpg,
Norway_009846.jpg,
Norway_009847.jpg,
Norway_009848.jpg,
Norway_009849.jpg,1 2632 1910 2799 2043 
Norway_009850.jpg,
Norway_009851.jpg,1 1709 1559 1860 2032 1 1633 1380 1694 1557 1 1562 1170 1611 1279 
Norway_009852.jpg,
Norway_009853.jpg,
Norway_009854.jpg,
Norway_009855.jpg,
Norway_009856.jpg,
Norway_009857.jpg,1 805 1431 1146 1672 2 1052 1768 1511 1887 
Norway_009858.jpg,
Norway_009859.jpg,
Norway_009860.jpg,4 1542 1822 1637 1909 
Norway_009861.jpg,
Norway_009862.jpg,
Norway_009863.jpg,
Norway_009864.jpg,
Norway_009865.jpg,
Norway_009866.jpg,
Norway_009867.jpg,
Norway_009868.jpg,
Norway_009869.jpg,1 1222 1090 1463 1273 
Norway_009870.jpg,
Norway_009871.jpg,
Norway_009872.jpg,
Norway_009873.jpg,
Norway_009874.jpg,
Norway_009875.jpg,
Norway_009876.jpg,1 931 1395 1146 1606 1 742 1235 1119 1454 1 0 1519 500 1818 1 1741 1922 1836 2037 1 1448 1171 1519 1384 1 1409 1610 1564 2033 
Norway_009877.jpg,
Norway_009878.jpg,1 1355 1516 1526 1603 1 1232 1867 1295 2034 
Norway_009879.jpg,1 688 1182 987 1333 1 0 1251 1126 1990 1 1211 1216 1296 1335 
Norway_009880.jpg,1 12 1316 909 2011 
Norway_009881.jpg,
Norway_009882.jpg,
Norway_009883.jpg,1 973 1118 1304 1357 1 923 1156 1292 1535 1 1559 1483 1738 2022 
Norway_009884.jpg,1 0 1259 808 1680 
Norway_009885.jpg,
Norway_009886.jpg,
Norway_009887.jpg,1 556 1586 993 1965 1 1862 1224 1899 1337 1 20 1601 559 1930 3 1637 1422 1856 1851 
Norway_009888.jpg,
Norway_009889.jpg,
Norway_009890.jpg,1 1598 1065 1643 1128 1 1770 1748 1855 2023 3 1388 1321 1889 1990 1 761 1317 974 1442 1 1618 1262 1679 1395 1 1362 1387 1457 2020 1 1260 1163 1411 1428 
Norway_009891.jpg,
Norway_009892.jpg,1 1447 1671 1694 2006 
Norway_009893.jpg,
Norway_009894.jpg,
Norway_009895.jpg,1 778 1305 1119 1656 1 382 1591 839 2004 1 1015 1247 1088 1300 1 1226 1374 1359 2043 1 390 1299 1120 2016 1 1066 1755 1215 2034 1 1193 1451 1230 1520 
Norway_009896.jpg,
Norway_009897.jpg,1 98 1317 793 1686 
Norway_009898.jpg,
Norway_009899.jpg,
Norway_009900.jpg,
Norway_009901.jpg,
Norway_009902.jpg,
Norway_009903.jpg,
Norway_009904.jpg,
Norway_009905.jpg,1 1291 1308 1362 1431 1 2 1503 587 1886 1 19 1665 484 2012 1 1457 1142 1520 1199 1 1233 1195 1378 1404 1 1212 1331 1361 1514 1 704 1282 1041 1485 1 195 1478 850 1953 1 1252 1203 1391 1312 
Norway_009906.jpg,2 102 1611 987 1712 
Norway_009907.jpg,1 1241 1205 1362 1294 1 1090 1296 1169 1397 1 1219 1171 1272 1234 1 1039 1372 1178 1593 1 1847 1570 1944 1741 1 1636 1239 1889 1530 1 1226 1248 1367 1395 1 769 1615 1098 1914 
Norway_009908.jpg,1 150 1459 789 2040 
Norway_009909.jpg,
Norway_009910.jpg,
Norway_009911.jpg,1 6 1607 377 2022 1 0 1410 570 2003 
Norway_009912.jpg,
Norway_009913.jpg,1 1449 1599 1592 2042 3 1453 1627 2068 2044 1 1473 1191 1556 1428 
Norway_009914.jpg,
Norway_009915.jpg,
Norway_009916.jpg,
Norway_009917.jpg,1 1603 1371 1634 1410 1 1384 1480 1517 1563 1 1215 1118 1370 1225 1 760 1485 969 1700 1 1511 1286 1584 1367 1 1568 1839 1667 2026 1 414 1717 755 2022 1 996 1231 1233 1444 
Norway_009918.jpg,
Norway_009919.jpg,
Norway_009920.jpg,
Norway_009921.jpg,
Norway_009922.jpg,
Norway_009923.jpg,
Norway_009924.jpg,1 1414 1132 1471 1177 
Norway_009925.jpg,4 7 1678 144 1761 2 272 1458 483 1501 1 1268 1491 1333 1694 
Norway_009926.jpg,
Norway_009927.jpg,
Norway_009928.jpg,
Norway_009929.jpg,
Norway_009930.jpg,1 446 1279 807 1448 1 793 1319 976 1458 
Norway_009931.jpg,
Norway_009932.jpg,1 -1 1555 325 1996 1 574 1405 699 1520 2 559 1486 1860 1611 1 0 1401 722 1872 1 786 1519 971 1722 
Norway_009933.jpg,1 0 1655 97 1922 
Norway_009934.jpg,
Norway_009935.jpg,
Norway_009936.jpg,
Norway_009937.jpg,
Norway_009938.jpg,
Norway_009939.jpg,
Norway_009940.jpg,
Norway_009941.jpg,1 995 1211 1136 1340 1 1384 1219 1509 1580 1 1672 1337 1861 1598 1 620 1238 1125 1577 1 1874 1653 2087 2040 1 6 1495 577 2022 1 1393 1673 1614 2028 
Norway_009942.jpg,
Norway_009943.jpg,
Norway_009944.jpg,
Norway_009945.jpg,
Norway_009946.jpg,1 2 1632 499 2007 1 572 1280 933 1571 
Norway_009947.jpg,
Norway_009948.jpg,
Norway_009949.jpg,
Norway_009950.jpg,1 1506 1169 1597 1372 
Norway_009951.jpg,
Norway_009952.jpg,
Norway_009953.jpg,1 30 1258 821 1665 
Norway_009954.jpg,1 1005 1419 1064 1566 
Norway_009955.jpg,
Norway_009956.jpg,
Norway_009957.jpg,
Norway_009958.jpg,1 466 1945 581 2040 1 1483 1192 1586 1413 2 151 1802 2122 1911 
Norway_009959.jpg,
Norway_009960.jpg,1 1063 1257 1320 1486 
Norway_009961.jpg,1 109 1388 1004 2023 
Norway_009962.jpg,
Norway_009963.jpg,1 48 1614 405 1859 3 1453 1624 1748 2033 1 233 1352 756 1571 1 51 1421 760 1846 3 647 1574 1162 2039 3 1424 1354 1827 2017 
Norway_009964.jpg,
Norway_009965.jpg,
Norway_009966.jpg,
Norway_009967.jpg,
Norway_009968.jpg,
Norway_009969.jpg,
Norway_009970.jpg,
Norway_009971.jpg,
Norway_009972.jpg,
Norway_009973.jpg,1 1629 1616 1840 1913 
Norway_009974.jpg,1 1121 1255 1200 1320 
Norway_009975.jpg,
Norway_009976.jpg,
Norway_009977.jpg,
Norway_009978.jpg,1 0 1373 562 1724 
Norway_009979.jpg,
Norway_009980.jpg,1 1483 1412 1518 1455 1 1399 1144 1452 1239 1 1394 1133 1477 1372 1 1416 1272 1491 1377 1 1405 1463 1442 1536 1 1684 1846 1811 2039 
Norway_009981.jpg,
Norway_009982.jpg,
Norway_009983.jpg,1 456 1353 693 1466 
Norway_009984.jpg,1 18 1215 1095 1948 
Norway_009985.jpg,
Norway_009986.jpg,
Norway_009987.jpg,
Norway_009988.jpg,
Norway_009989.jpg,
Norway_009990.jpg,
Norway_009991.jpg,
Norway_009992.jpg,
Norway_009993.jpg,
Norway_009994.jpg,1 1339 1293 1410 1362 1 1038 1445 1507 2018 1 0 1361 835 1876 
Norway_009995.jpg,
Norway_009996.jpg,
Norway_009997.jpg,
Norway_009998.jpg,
Norway_009999.jpg,
Norway_010000.jpg,
Norway_010001.jpg,
Norway_010002.jpg,
Norway_010003.jpg,1 1912 1511 2037 1686 
Norway_010004.jpg,
Norway_010005.jpg,
Norway_010006.jpg,
Norway_010007.jpg,1 1039 1710 1182 2027 1 346 1270 851 1509 1 31 1320 950 2029 1 1097 1314 1264 1567 
Norway_010008.jpg,
Norway_010009.jpg,
Norway_010010.jpg,
Norway_010011.jpg,
Norway_010012.jpg,
Norway_010013.jpg,1 1481 1306 1534 1471 1 1080 1444 1437 2025 1 1241 1219 1284 1292 
Norway_010014.jpg,
Norway_010015.jpg,
Norway_010016.jpg,
Norway_010017.jpg,
Norway_010018.jpg,
Norway_010019.jpg,1 1377 1271 1878 2022 
Norway_010020.jpg,
Norway_010021.jpg,
Norway_010022.jpg,
Norway_010023.jpg,
Norway_010024.jpg,
Norway_010025.jpg,
Norway_010026.jpg,
Norway_010027.jpg,
Norway_010028.jpg,2 566 1238 1609 1385 1 616 1130 1013 1341 
Norway_010029.jpg,
Norway_010030.jpg,
Norway_010031.jpg,
Norway_010032.jpg,
Norway_010033.jpg,
Norway_010034.jpg,
Norway_010035.jpg,
Norway_010036.jpg,
Norway_010037.jpg,1 1430 1696 1489 1819 
Norway_010038.jpg,1 1389 1263 1970 2020 
Norway_010039.jpg,1 1433 1353 1540 1568 1 1215 1324 1260 1403 1 1286 1376 1331 1565 1 960 1204 1033 1293 1 1382 1361 1505 1610 1 1484 1711 1581 2036 1 1370 1596 1423 1775 
Norway_010040.jpg,1 1794 1619 2271 2030 
Norway_010041.jpg,
Norway_010042.jpg,
Norway_010043.jpg,
Norway_010044.jpg,
Norway_010045.jpg,1 1355 1193 1492 1278 1 1265 1294 1332 1367 1 1405 1226 1542 1309 1 0 1613 388 1948 1 6 1433 845 1870 1 1524 1289 1589 1406 1 762 1313 1123 1470 1 1308 1342 1513 1637 1 1332 1207 1527 1320 1 1318 1435 1469 1838 1 1331 1387 1498 1550 1 1603 1514 1646 1635 1 1316 1549 1399 1840 1 1609 1520 1736 2023 
Norway_010046.jpg,
Norway_010047.jpg,
Norway_010048.jpg,
Norway_010049.jpg,
Norway_010050.jpg,
Norway_010051.jpg,1 1547 1247 2014 2032 
Norway_010052.jpg,
Norway_010053.jpg,
Norway_010054.jpg,
Norway_010055.jpg,
Norway_010056.jpg,
Norway_010057.jpg,
Norway_010058.jpg,1 1571 1230 1770 1609 
Norway_010059.jpg,3 1470 1367 1835 2012 
Norway_010060.jpg,2 0 1670 1744 1779 
Norway_010061.jpg,2 3122 1494 3629 1649 1 772 1603 913 1774 4 562 1842 735 2021 1 560 1857 731 2034 
Norway_010062.jpg,1 681 1684 884 1869 1 804 1245 1261 1714 1 1514 1012 1545 1097 1 1561 1144 1616 1211 2 237 1801 2060 1956 1 1675 1425 1798 1876 1 1635 1249 1702 1374 
Norway_010063.jpg,
Norway_010064.jpg,
Norway_010065.jpg,
Norway_010066.jpg,
Norway_010067.jpg,
Norway_010068.jpg,
Norway_010069.jpg,
Norway_010070.jpg,1 5 1502 650 1941 1 882 1392 1215 2011 
Norway_010071.jpg,
Norway_010072.jpg,1 1207 1197 1274 1276 1 1301 1871 1424 2038 1 1417 1416 1634 1969 1 1520 1197 1587 1284 1 1217 1180 1340 1267 1 60 1807 423 2032 1 1306 1852 1359 2039 1 455 1561 780 1848 
Norway_010073.jpg,1 782 1187 1069 1306 1 795 1114 1234 1307 1 0 1487 354 1706 
Norway_010074.jpg,1 1540 1217 1725 1750 
Norway_010075.jpg,
Norway_010076.jpg,
Norway_010077.jpg,
Norway_010078.jpg,2 240 1437 1731 1502 
Norway_010079.jpg,
Norway_010080.jpg,
Norway_010081.jpg,
Norway_010082.jpg,1 576 1704 735 1857 1 584 1465 821 1650 
Norway_010083.jpg,
Norway_010084.jpg,
Norway_010085.jpg,
Norway_010086.jpg,
Norway_010087.jpg,1 1369 1224 1880 2033 
Norway_010088.jpg,1 1555 1110 1592 1211 1 1559 1110 1632 1273 
Norway_010089.jpg,
Norway_010090.jpg,1 1162 1449 1271 1656 1 1 1496 442 1827 
Norway_010091.jpg,
Norway_010092.jpg,
Norway_010093.jpg,
Norway_010094.jpg,
Norway_010095.jpg,
Norway_010096.jpg,
Norway_010097.jpg,
Norway_010098.jpg,
Norway_010099.jpg,2 1105 1509 1698 1676 
Norway_010100.jpg,
Norway_010101.jpg,
Norway_010102.jpg,
Norway_010103.jpg,1 8 1345 739 1758 3 1492 1357 2041 1938 3 1548 1382 1765 1627 
Norway_010104.jpg,
Norway_010105.jpg,
Norway_010106.jpg,
Norway_010107.jpg,
Norway_010108.jpg,
Norway_010109.jpg,
Norway_010110.jpg,1 297 1512 876 1995 
Norway_010111.jpg,
Norway_010112.jpg,1 2506 1868 2673 2025 1 2399 1732 2636 1935 1 378 1294 801 1503 
Norway_010113.jpg,
Norway_010114.jpg,
Norway_010115.jpg,1 1794 1680 1985 2035 1 640 1271 913 1402 1 1645 1377 1778 1634 
Norway_010116.jpg,
Norway_010117.jpg,
Norway_010118.jpg,1 588 1476 665 1557 1 184 1408 643 1887 1 2433 1621 2684 2012 1 587 1706 684 2027 
Norway_010119.jpg,
Norway_010120.jpg,
Norway_010121.jpg,1 525 1199 1056 1544 
Norway_010122.jpg,
Norway_010123.jpg,1 1565 1419 1776 1806 1 1519 1549 1704 2016 
Norway_010124.jpg,1 1304 1195 1437 1304 1 1240 1118 1301 1239 1 1369 1241 1430 1304 
Norway_010125.jpg,
Norway_010126.jpg,
Norway_010127.jpg,
Norway_010128.jpg,1 1400 1222 1493 1437 1 1457 1745 1536 1956 1 1447 1771 1496 1904 1 1357 1516 1486 1909 1 1695 1713 1874 2026 1 1319 1243 1350 1290 1 1533 1705 1634 2026 1 1298 1758 1381 2041 
Norway_010129.jpg,
Norway_010130.jpg,
Norway_010131.jpg,
Norway_010132.jpg,
Norway_010133.jpg,
Norway_010134.jpg,
Norway_010135.jpg,
Norway_010136.jpg,1 1334 1485 1725 1950 3 63 1515 762 2040 2 338 1451 1773 1548 1 1533 1534 1704 1951 1 36 1507 621 2026 
Norway_010137.jpg,1 2526 1447 2937 1618 
Norway_010138.jpg,1 292 1427 513 1530 
Norway_010139.jpg,1 555 1346 630 1397 2 1310 1480 1827 1529 1 181 1426 596 1689 1 1044 1169 1305 1434 1 1653 1701 1808 2036 
Norway_010140.jpg,
Norway_010141.jpg,
Norway_010142.jpg,
Norway_010143.jpg,
Norway_010144.jpg,1 1449 1186 1594 1463 3 1457 1165 1588 1464 
Norway_010145.jpg,
Norway_010146.jpg,
Norway_010147.jpg,1 578 1243 883 1416 
Norway_010148.jpg,2 325 1539 954 1692 1 0 1626 717 2025 
Norway_010149.jpg,
Norway_010150.jpg,
Norway_010151.jpg,
Norway_010152.jpg,
Norway_010153.jpg,1 1669 1556 1828 2029 
Norway_010154.jpg,1 581 1758 886 2027 
Norway_010155.jpg,
Norway_010156.jpg,
Norway_010157.jpg,1 14 1517 411 1734 1 1556 1237 1601 1304 
Norway_010158.jpg,1 1550 1480 1617 1589 1 1157 1425 1202 1496 1 1537 1865 1594 1990 1 1527 1430 1612 1623 1 785 1898 926 2033 1 1679 1769 1768 2040 
Norway_010159.jpg,
Norway_010160.jpg,
Norway_010161.jpg,
Norway_010162.jpg,
Norway_010163.jpg,
Norway_010164.jpg,
Norway_010165.jpg,1 990 1352 1119 2015 
Norway_010166.jpg,
Norway_010167.jpg,
Norway_010168.jpg,
Norway_010169.jpg,
Norway_010170.jpg,
Norway_010171.jpg,1 658 1708 741 1779 1 1739 1741 1942 2040 
Norway_010172.jpg,
Norway_010173.jpg,
Norway_010174.jpg,
Norway_010175.jpg,1 260 1662 707 2029 
Norway_010176.jpg,1 375 1519 842 1932 1 1180 1189 1631 2040 1 20 1701 317 2020 
Norway_010177.jpg,1 375 1521 696 1750 1 1505 1325 1554 1442 1 558 1513 697 1668 1 1448 1368 1493 1509 1 1499 1247 1572 1438 1 1072 1513 1179 1920 1 579 1565 672 1662 1 2 1600 537 2019 1 586 1752 913 2025 
Norway_010178.jpg,
Norway_010179.jpg,
Norway_010180.jpg,
Norway_010181.jpg,
Norway_010182.jpg,1 23 1096 840 1463 
Norway_010183.jpg,1 8 1462 331 1725 
Norway_010184.jpg,
Norway_010185.jpg,
Norway_010186.jpg,1 1945 1936 1994 2031 
Norway_010187.jpg,
Norway_010188.jpg,
Norway_010189.jpg,
Norway_010190.jpg,
Norway_010191.jpg,
Norway_010192.jpg,2 90 1504 1783 1609 1 1591 1350 1676 1489 
Norway_010193.jpg,
Norway_010194.jpg,2 1315 1635 1770 1770 1 1300 1698 1455 2033 
Norway_010195.jpg,
Norway_010196.jpg,2 242 1444 1777 1541 
Norway_010197.jpg,
Norway_010198.jpg,
Norway_010199.jpg,
Norway_010200.jpg,
