Norway_008161.jpg,1 1577 1492 1708 2033 
Norway_008162.jpg,
Norway_008163.jpg,3 1293 1132 1434 1379 3 1455 1649 1754 2024 1 1298 1129 1429 1386 1 1297 1521 1458 2036 1 501 1618 616 1717 1 1319 1507 1418 1736 1 1436 1315 1543 1554 
Norway_008164.jpg,1 1583 1420 2120 1999 
Norway_008165.jpg,
Norway_008166.jpg,
Norway_008167.jpg,
Norway_008168.jpg,
Norway_008169.jpg,1 338 1255 1123 2022 
Norway_008170.jpg,
Norway_008171.jpg,
Norway_008172.jpg,1 1370 1218 1433 1337 
Norway_008173.jpg,1 1363 1316 1742 2033 1 1381 1591 1570 2002 
Norway_008174.jpg,2 501 1402 1372 1547 
Norway_008175.jpg,
Norway_008176.jpg,
Norway_008177.jpg,
Norway_008178.jpg,
Norway_008179.jpg,1 0 1656 196 2011 
Norway_008180.jpg,
Norway_008181.jpg,
Norway_008182.jpg,
Norway_008183.jpg,
Norway_008184.jpg,
Norway_008185.jpg,
Norway_008186.jpg,
Norway_008187.jpg,
Norway_008188.jpg,
Norway_008189.jpg,1 1501 1221 1544 1290 
Norway_008190.jpg,
Norway_008191.jpg,
Norway_008192.jpg,1 284 1312 687 1497 1 0 1330 681 1709 
Norway_008193.jpg,1 1989 1575 2202 1812 
Norway_008194.jpg,1 1484 1217 1541 1292 1 349 1286 916 1527 
Norway_008195.jpg,3 370 1419 973 1678 2 1206 1477 1895 1552 3 1105 1236 1436 1473 3 16 1581 547 1884 3 467 1579 1188 2036 
Norway_008196.jpg,1 309 1493 912 2028 1 -1 1622 139 1987 1 204 1186 1085 1669 
Norway_008197.jpg,2 275 1448 1734 1637 
Norway_008198.jpg,
Norway_008199.jpg,
Norway_008200.jpg,
Norway_008201.jpg,
Norway_008202.jpg,2 75 1919 912 1994 2 700 1719 1137 1766 1 259 1530 764 1967 
Norway_008203.jpg,
Norway_008204.jpg,
Norway_008205.jpg,
Norway_008206.jpg,
Norway_008207.jpg,
Norway_008208.jpg,
Norway_008209.jpg,2 409 1346 1542 1411 
Norway_008210.jpg,
Norway_008211.jpg,
Norway_008212.jpg,1 8 1807 567 2040 1 1674 1462 1805 1569 1 1019 1226 1196 1397 
Norway_008213.jpg,
Norway_008214.jpg,
Norway_008215.jpg,
Norway_008216.jpg,
Norway_008217.jpg,1 280 1277 895 2016 1 978 1384 1075 1583 
Norway_008218.jpg,3 1681 1332 2040 1965 1 1519 1401 1584 1518 1 2065 1867 2192 2040 
Norway_008219.jpg,
Norway_008220.jpg,2 0 1640 1966 1787 
Norway_008221.jpg,1 734 1310 863 1373 1 1048 1336 1139 1399 1 715 1934 824 2043 4 1268 1359 1351 1410 1 720 1879 803 1938 3 260 1785 647 2042 
Norway_008222.jpg,1 1577 1271 1668 1364 1 1169 1259 1280 1370 1 714 1254 1011 1419 1 586 1247 1025 1496 1 1802 1472 1999 1877 1 750 1522 1055 1907 
Norway_008223.jpg,
Norway_008224.jpg,
Norway_008225.jpg,1 2 1411 717 1836 
Norway_008226.jpg,
Norway_008227.jpg,
Norway_008228.jpg,
Norway_008229.jpg,
Norway_008230.jpg,
Norway_008231.jpg,1 1611 1099 1730 1442 1 41 1430 714 1773 1 564 1463 1071 2040 1 1975 1611 2236 2032 1 521 1660 902 2039 1 1508 1400 1583 1733 1 690 1241 1113 1440 1 1506 1197 1565 1308 1 1685 1509 1952 2030 
Norway_008232.jpg,1 306 1458 629 1599 
Norway_008233.jpg,
Norway_008234.jpg,
Norway_008235.jpg,
Norway_008236.jpg,1 514 1306 783 1451 1 1475 1169 1554 1348 1 1073 1304 1232 1429 1 536 1269 961 1518 
Norway_008237.jpg,
Norway_008238.jpg,1 0 1424 400 1591 
Norway_008239.jpg,
Norway_008240.jpg,1 375 1621 788 2026 1 1695 1214 2072 1393 1 3006 1831 3479 2038 1 1101 1178 1168 1277 
Norway_008241.jpg,
Norway_008242.jpg,1 823 1303 1274 1620 1 386 1425 1093 1986 2 1437 1316 1722 1375 1 385 1688 830 2043 1 1039 1844 1270 2039 1 1158 1293 1473 1838 
Norway_008243.jpg,
Norway_008244.jpg,2 167 1548 810 1649 2 759 1629 1634 1832 1 795 1463 966 1602 1 101 1677 534 2010 
Norway_008245.jpg,
Norway_008246.jpg,
Norway_008247.jpg,3 1084 1214 1311 1319 1 715 1394 1034 1529 3 1209 1196 1362 1287 1 1439 1205 1500 1374 1 1390 1508 1509 1565 2 73 1616 1802 1727 1 1339 1410 1456 1509 3 1045 1239 1202 1352 1 1447 1268 1492 1369 1 1749 1385 1810 1476 
Norway_008248.jpg,1 1463 1146 1532 1243 1 1503 1200 1614 1399 2 1740 1832 2145 1939 1 1577 1385 1736 1772 
Norway_008249.jpg,1 1324 1237 1429 1344 1 900 1287 1179 1574 1 1524 1349 1731 1560 1 816 1334 1241 2043 1 1471 1566 1608 2043 
Norway_008250.jpg,
Norway_008251.jpg,
Norway_008252.jpg,1 1072 1471 1223 1872 
Norway_008253.jpg,
Norway_008254.jpg,
Norway_008255.jpg,
Norway_008256.jpg,
Norway_008257.jpg,
Norway_008258.jpg,
Norway_008259.jpg,1 1651 1236 2504 2041 
Norway_008260.jpg,
Norway_008261.jpg,
Norway_008262.jpg,
Norway_008263.jpg,
Norway_008264.jpg,
Norway_008265.jpg,
Norway_008266.jpg,
Norway_008267.jpg,
Norway_008268.jpg,
Norway_008269.jpg,
Norway_008270.jpg,
Norway_008271.jpg,3 1386 1267 1589 1618 1 1392 1229 1587 1620 
Norway_008272.jpg,
Norway_008273.jpg,
Norway_008274.jpg,1 512 1311 779 1438 1 1418 1185 1489 1278 1 1082 1867 1219 2038 1 1419 1197 1502 1516 1 1323 1502 1444 1883 
Norway_008275.jpg,
Norway_008276.jpg,
Norway_008277.jpg,
Norway_008278.jpg,
Norway_008279.jpg,
Norway_008280.jpg,
Norway_008281.jpg,
Norway_008282.jpg,4 1227 1925 1352 2024 
Norway_008283.jpg,
Norway_008284.jpg,
Norway_008285.jpg,
Norway_008286.jpg,
Norway_008287.jpg,
Norway_008288.jpg,2 602 1528 804 1561 
Norway_008289.jpg,
Norway_008290.jpg,
Norway_008291.jpg,
Norway_008292.jpg,3 1436 1118 1535 1295 3 6 1390 669 1781 1 1274 1569 1321 1658 1 1586 1420 1663 1607 1 1441 1143 1540 1300 
Norway_008293.jpg,1 726 1260 911 1357 1 14 1441 455 1656 1 890 1449 1019 1572 3 1325 1142 1432 1257 1 527 1958 652 2043 1 1323 1933 1400 2042 1 760 1531 865 1658 1 1416 1235 1461 1314 1 383 1339 746 1486 1 785 1633 876 1744 3 1283 1411 1668 1906 
Norway_008294.jpg,
Norway_008295.jpg,
Norway_008296.jpg,1 1035 1166 1252 1279 
Norway_008297.jpg,
Norway_008298.jpg,
Norway_008299.jpg,1 0 1375 666 1904 1 0 1165 1074 1834 1 548 1159 1143 1460 
Norway_008300.jpg,2 0 1574 172 1657 
Norway_008301.jpg,
Norway_008302.jpg,
Norway_008303.jpg,
Norway_008304.jpg,
Norway_008305.jpg,
Norway_008306.jpg,1 1770 1225 1831 1314 1 1092 1266 1265 1339 1 1307 1384 1468 1483 2 427 1685 752 1766 1 1729 1322 1798 1455 3 1744 1068 1919 1191 1 1489 1834 1610 2037 
Norway_008307.jpg,
Norway_008308.jpg,1 1549 1295 1634 1476 
Norway_008309.jpg,
Norway_008310.jpg,
Norway_008311.jpg,
Norway_008312.jpg,2 1181 1547 1534 1660 1 1580 1307 1677 1518 1 1572 1287 1633 1410 1 892 1745 1007 2044 1 903 1701 982 1894 1 686 1503 841 1636 1 1613 1413 1680 1508 1 924 1901 1007 2042 1 861 1444 1042 1673 1 1437 1509 1566 1646 1 1430 1909 1509 2042 
Norway_008313.jpg,1 1151 1198 1252 1255 1 1788 1606 2049 2041 1 1109 1198 1390 1567 1 751 1272 1072 1457 
Norway_008314.jpg,1 1446 1126 1507 1211 4 1517 1410 1610 1455 1 352 1835 657 2034 1 491 1816 670 1999 1 1516 1632 1605 1907 1 560 1665 713 1814 
Norway_008315.jpg,1 1659 1179 1926 1556 
Norway_008316.jpg,1 1242 1444 1505 2023 
Norway_008317.jpg,
Norway_008318.jpg,
Norway_008319.jpg,
Norway_008320.jpg,
Norway_008321.jpg,
Norway_008322.jpg,
Norway_008323.jpg,1 1730 1631 2011 2040 
Norway_008324.jpg,
Norway_008325.jpg,
Norway_008326.jpg,1 1421 1240 1482 1335 1 1684 1329 1781 1474 1 1672 1528 1907 2035 1 788 1266 1079 1351 1 1425 1268 1466 1343 1 1342 1311 1395 1390 1 1435 1365 1532 1514 
Norway_008327.jpg,
Norway_008328.jpg,2 652 1545 1837 1632 1 439 1131 972 1406 1 40 1412 337 1529 1 746 1129 967 1254 1 1208 1173 1271 1234 1 603 1657 774 1946 1 743 1656 926 2021 
Norway_008329.jpg,1 394 1331 691 1466 
Norway_008330.jpg,
Norway_008331.jpg,
Norway_008332.jpg,
Norway_008333.jpg,
Norway_008334.jpg,1 611 1318 774 1477 
Norway_008335.jpg,
Norway_008336.jpg,1 1454 1200 1509 1285 1 1257 1204 1352 1323 
Norway_008337.jpg,
Norway_008338.jpg,
Norway_008339.jpg,
Norway_008340.jpg,1 1397 1524 1806 2025 1 1638 1727 1827 2024 3 1422 1498 1831 2033 
Norway_008341.jpg,
Norway_008342.jpg,
Norway_008343.jpg,
Norway_008344.jpg,1 1473 1655 1652 2040 
Norway_008345.jpg,
Norway_008346.jpg,1 1326 1871 1389 1974 1 246 1409 873 2040 1 1658 1486 2179 2027 3 894 1125 1147 1266 1 721 1160 858 1273 3 680 1348 983 1611 1 1321 1193 1456 1480 1 1449 1752 1582 2021 1 1385 1416 1580 2029 1 1484 1308 1647 1499 
Norway_008347.jpg,
Norway_008348.jpg,
Norway_008349.jpg,
Norway_008350.jpg,2 515 1398 1706 1467 1 871 1196 1052 1277 
Norway_008351.jpg,
Norway_008352.jpg,
Norway_008353.jpg,
Norway_008354.jpg,
Norway_008355.jpg,
Norway_008356.jpg,
Norway_008357.jpg,
Norway_008358.jpg,1 1454 1423 1549 1534 1 1253 1861 1328 2022 1 1246 1241 1513 2034 
Norway_008359.jpg,
Norway_008360.jpg,1 897 1253 942 1346 1 920 1112 961 1191 
Norway_008361.jpg,1 1005 1407 1098 1488 1 0 1596 318 1995 
Norway_008362.jpg,
Norway_008363.jpg,
Norway_008364.jpg,
Norway_008365.jpg,
Norway_008366.jpg,1 1343 1159 1642 1546 
Norway_008367.jpg,
Norway_008368.jpg,
Norway_008369.jpg,
Norway_008370.jpg,
Norway_008371.jpg,
Norway_008372.jpg,
Norway_008373.jpg,
Norway_008374.jpg,
Norway_008375.jpg,
Norway_008376.jpg,
Norway_008377.jpg,
Norway_008378.jpg,
Norway_008379.jpg,1 997 1163 1082 1320 1 1038 1356 1261 1813 
Norway_008380.jpg,
Norway_008381.jpg,
Norway_008382.jpg,1 1428 1103 1569 1346 1 1521 1309 2058 2006 
Norway_008383.jpg,1 1139 1115 1338 1200 1 18 1579 209 1662 1 1310 1771 1461 2038 1 916 1357 1049 1432 1 43 1522 320 1639 1 1790 1343 1943 1450 1 1973 1815 2152 2036 1 588 1309 945 1448 1 2081 1648 2254 1801 1 1744 1974 1813 2039 1 0 1821 254 2020 1 16 1626 551 1833 1 60 1523 743 1816 1 1833 1814 1932 2037 3 1444 1209 1789 1628 1 1933 1530 2048 1823 1 1339 1417 1406 1554 1 670 1535 1117 1928 1 1275 1319 1352 1406 3 1341 1193 1792 1916 1 297 1797 498 1956 
Norway_008384.jpg,1 1555 1081 1590 1152 1 1459 1108 1528 1243 1 1581 1201 1676 1422 
Norway_008385.jpg,
Norway_008386.jpg,
Norway_008387.jpg,1 1562 1234 1631 1399 1 1636 1291 1699 1408 1 1433 1125 1464 1228 1 1435 1120 1492 1319 2 887 1497 1678 1594 1 1651 1314 1750 1555 1 1519 1136 1628 1407 1 1420 1801 1567 2034 1 1592 1547 1667 1790 
Norway_008388.jpg,1 1109 1294 2006 1961 1 616 1565 869 1852 1 0 1677 504 2040 
Norway_008389.jpg,1 1455 1203 2218 2020 
Norway_008390.jpg,1 365 1822 598 2033 1 1555 1486 1634 1691 
Norway_008391.jpg,
Norway_008392.jpg,
Norway_008393.jpg,
Norway_008394.jpg,
Norway_008395.jpg,
Norway_008396.jpg,
Norway_008397.jpg,
Norway_008398.jpg,
Norway_008399.jpg,
Norway_008400.jpg,
Norway_008401.jpg,
Norway_008402.jpg,
Norway_008403.jpg,
Norway_008404.jpg,1 1017 1371 1196 1872 1 1044 1107 1163 1264 1 1255 1107 1296 1192 1 1027 1305 1332 2040 1 0 1111 1202 1974 1 1013 1464 1140 1679 1 1189 1296 1242 1381 
Norway_008405.jpg,
Norway_008406.jpg,
Norway_008407.jpg,
Norway_008408.jpg,
Norway_008409.jpg,1 0 1483 402 1762 1 1910 1640 2289 2039 1 1545 1630 1672 2023 1 987 1462 1128 1641 
Norway_008410.jpg,
Norway_008411.jpg,1 0 1237 884 2012 1 204 1262 675 1507 
Norway_008412.jpg,
Norway_008413.jpg,
Norway_008414.jpg,1 1467 1309 1598 1492 1 645 1168 1060 1347 1 0 1530 235 1669 
Norway_008415.jpg,
Norway_008416.jpg,
Norway_008417.jpg,
Norway_008418.jpg,
Norway_008419.jpg,
Norway_008420.jpg,1 943 1157 974 1182 1 1525 1814 1668 1997 2 818 1515 1019 1546 1 292 1129 653 1306 1 1193 1299 1310 1586 
Norway_008421.jpg,
Norway_008422.jpg,
Norway_008423.jpg,1 1587 1219 1982 2040 
Norway_008424.jpg,
Norway_008425.jpg,
Norway_008426.jpg,
Norway_008427.jpg,
Norway_008428.jpg,3 806 1155 1059 1274 1 1668 1832 1801 2033 1 1711 1671 1756 1806 1 1539 1868 1610 2043 1 1933 1739 2146 1972 1 1552 1948 1599 2041 1 1731 1849 1812 2042 1 1628 1568 1669 1653 1 1375 1646 1494 2017 1 1408 1618 1465 1773 
Norway_008429.jpg,
Norway_008430.jpg,
Norway_008431.jpg,
Norway_008432.jpg,
Norway_008433.jpg,3 700 1134 855 1303 1 627 1198 798 1347 1 787 1255 870 1318 1 3 1522 308 1751 1 356 1396 663 1575 1 1550 1437 1845 1708 
Norway_008434.jpg,
Norway_008435.jpg,
Norway_008436.jpg,
Norway_008437.jpg,
Norway_008438.jpg,
Norway_008439.jpg,
Norway_008440.jpg,1 1068 1279 1235 1422 1 907 1559 1222 2040 1 1122 1542 1233 1655 1 1258 1277 1389 1492 
Norway_008441.jpg,
Norway_008442.jpg,2 831 1517 982 1588 1 825 1517 974 1590 1 708 1438 813 1511 1 599 1866 760 2037 1 979 1347 1064 1472 3 1284 1525 1683 1896 
Norway_008443.jpg,1 1154 1204 1227 1471 
Norway_008444.jpg,
Norway_008445.jpg,
Norway_008446.jpg,
Norway_008447.jpg,1 1661 1437 1852 1986 1 1266 1197 1377 1364 2 44 1792 1841 1991 2 199 1374 1730 1483 1 1273 1256 1338 1359 1 498 1483 881 1804 
Norway_008448.jpg,
Norway_008449.jpg,1 1520 1408 1885 2003 1 1468 1109 1533 1224 
Norway_008450.jpg,
Norway_008451.jpg,
Norway_008452.jpg,1 1648 1287 2183 2036 
Norway_008453.jpg,
Norway_008454.jpg,
Norway_008455.jpg,1 958 1269 1035 1326 1 1075 1115 1304 1210 1 989 1483 1382 2026 
Norway_008456.jpg,
Norway_008457.jpg,1 1542 1268 1599 1353 
Norway_008458.jpg,
Norway_008459.jpg,
Norway_008460.jpg,
Norway_008461.jpg,
Norway_008462.jpg,1 1312 1196 1461 2041 
Norway_008463.jpg,
Norway_008464.jpg,1 1295 1234 1340 1291 1 1383 1173 1478 1412 1 1389 1181 1430 1324 1 1758 1606 1835 1879 1 1114 1945 1177 2042 1 1528 1631 1609 1886 1 1407 1187 1516 1476 2 1769 1872 2240 2007 2 1480 1467 1817 1530 2 885 1779 1414 1980 1 1384 1519 1459 1674 1 604 1335 1027 1618 
Norway_008465.jpg,1 569 1122 882 1277 1 1373 1444 1420 1541 1 449 1154 848 1325 1 1318 1243 1415 1542 1 423 1294 1050 2043 
Norway_008466.jpg,
Norway_008467.jpg,
Norway_008468.jpg,1 1514 1565 1615 1822 1 1416 1424 1465 1525 3 1467 1160 1724 1587 1 1668 1617 1827 2040 1 1252 1595 1427 2040 
Norway_008469.jpg,
Norway_008470.jpg,
Norway_008471.jpg,
Norway_008472.jpg,1 1301 1400 1366 1597 1 1314 1186 1353 1385 1 1498 1247 1575 1372 1 696 1273 885 1348 1 1537 1484 1684 2039 1 1215 1463 1394 2040 1 5 1588 274 1775 1 228 1422 535 1585 1 206 1695 513 1954 
Norway_008473.jpg,
Norway_008474.jpg,2 378 1327 1457 1398 
Norway_008475.jpg,
Norway_008476.jpg,
Norway_008477.jpg,
Norway_008478.jpg,
Norway_008479.jpg,1 760 1232 909 1319 2 1302 1156 1429 1215 1 1104 1110 1229 1169 1 1507 1281 1606 1590 1 1560 1532 1753 2031 1 1340 1096 1429 1199 1 1375 1080 1432 1175 1 8 1351 759 1688 1 1070 1250 1409 1645 
Norway_008480.jpg,
Norway_008481.jpg,
Norway_008482.jpg,
Norway_008483.jpg,
Norway_008484.jpg,1 627 1925 778 2040 1 17 1324 948 1807 1 981 1558 1078 1701 1 1431 1416 1688 1995 
Norway_008485.jpg,
Norway_008486.jpg,1 1368 1168 1813 1659 
Norway_008487.jpg,1 1590 1437 1629 1508 1 897 1290 994 1381 1 261 1434 394 1505 1 1402 1213 1441 1292 1 1498 1301 1569 1436 1 1461 1585 1628 1742 1 1437 1795 1512 2044 
Norway_008488.jpg,2 285 1918 1560 2031 1 1342 1899 1507 2036 1 1684 1873 1769 2026 1 1479 1342 1582 1609 1 1348 1143 1439 1276 1 1535 1141 1610 1292 1 999 1449 1224 1974 1 1206 1293 1345 1570 1 1442 1317 1591 1830 1 604 1115 1215 1380 
Norway_008489.jpg,1 607 1244 1162 2041 
Norway_008490.jpg,1 1536 1260 1735 1795 1 1029 1363 1154 1520 
Norway_008491.jpg,
Norway_008492.jpg,
Norway_008493.jpg,1 962 1349 1441 2040 
Norway_008494.jpg,
Norway_008495.jpg,
Norway_008496.jpg,
Norway_008497.jpg,
Norway_008498.jpg,
Norway_008499.jpg,
Norway_008500.jpg,
Norway_008501.jpg,
Norway_008502.jpg,1 2121 1327 2270 1410 1 2030 1424 2433 1867 
Norway_008503.jpg,1 1073 1309 1126 1366 2 98 1662 1745 1751 
Norway_008504.jpg,3 1633 1388 2058 2039 1 1652 1413 2059 2040 
Norway_008505.jpg,
Norway_008506.jpg,
Norway_008507.jpg,
Norway_008508.jpg,
Norway_008509.jpg,
Norway_008510.jpg,1 3318 847 3467 990 
Norway_008511.jpg,
Norway_008512.jpg,1 1523 1673 1760 2038 3 1500 1666 1761 2033 2 0 1679 1902 1904 
Norway_008513.jpg,
Norway_008514.jpg,1 1760 1487 1853 1690 1 1620 1159 1653 1218 1 1689 1406 1852 1689 
Norway_008515.jpg,
Norway_008516.jpg,
Norway_008517.jpg,
Norway_008518.jpg,1 1555 1451 1654 1570 1 1386 1158 1441 1311 1 1453 1258 1552 1497 1 1141 1259 1194 1316 1 1254 1452 1465 2031 
Norway_008519.jpg,
Norway_008520.jpg,2 565 1747 1598 1854 2 1130 1441 1517 1616 1 1576 1253 1665 1486 1 1359 1529 1520 1630 
Norway_008521.jpg,1 1116 1110 1341 1185 1 758 1233 1025 1318 1 943 1234 1124 1307 1 1010 1225 1107 1290 
Norway_008522.jpg,
Norway_008523.jpg,
Norway_008524.jpg,
Norway_008525.jpg,1 1754 1369 2051 1706 
Norway_008526.jpg,
Norway_008527.jpg,
Norway_008528.jpg,3 794 1499 1427 2040 
Norway_008529.jpg,
Norway_008530.jpg,2 167 1670 1686 1887 
Norway_008531.jpg,
Norway_008532.jpg,2 360 1445 715 1490 1 1210 1306 1261 1411 1 341 1525 882 2040 1 1 1470 348 1759 1 1624 1432 1837 1571 1 1026 1711 1199 2040 
Norway_008533.jpg,1 398 1277 1293 2034 
Norway_008534.jpg,2 290 1432 1739 1567 1 1593 1290 1956 2035 
Norway_008535.jpg,1 2088 1835 2363 2038 1 1629 1374 1944 2033 
Norway_008536.jpg,
Norway_008537.jpg,
Norway_008538.jpg,
Norway_008539.jpg,
Norway_008540.jpg,1 1603 1455 1782 1970 1 1657 1541 1880 2040 1 1603 1473 1698 1770 1 1740 1743 1889 2034 
Norway_008541.jpg,
Norway_008542.jpg,1 4 1439 367 1638 1 798 1831 951 2040 1 1123 1463 1234 1654 1 1281 1238 1522 1461 
Norway_008543.jpg,
Norway_008544.jpg,
Norway_008545.jpg,
Norway_008546.jpg,3 1534 1143 1675 1324 
Norway_008547.jpg,
Norway_008548.jpg,1 1031 1214 1178 1323 1 9 1545 256 1670 1 524 1304 771 1419 1 1449 1334 1518 1407 1 775 1407 1238 2044 1 371 1399 882 1758 1 1420 1421 1739 2038 
Norway_008549.jpg,
Norway_008550.jpg,1 1235 1159 1302 1238 
Norway_008551.jpg,
Norway_008552.jpg,2 672 1291 1623 1364 1 1531 1161 1556 1210 1 1520 1249 1603 1314 1 881 1623 1272 2040 1 1329 1319 1436 1626 
Norway_008553.jpg,
Norway_008554.jpg,
Norway_008555.jpg,
Norway_008556.jpg,1 328 1197 893 2028 
Norway_008557.jpg,
Norway_008558.jpg,
Norway_008559.jpg,1 1427 1135 1506 1340 1 225 1546 780 2007 
Norway_008560.jpg,
Norway_008561.jpg,
Norway_008562.jpg,1 306 1627 807 2040 1 1658 1377 1761 1552 1 1531 1491 1746 2040 
Norway_008563.jpg,1 1648 1276 1703 1361 1 1628 1253 1761 1464 1 1795 1379 1956 1764 1 1535 1173 1606 1292 1 1930 1881 2023 2042 1 1623 1368 1748 1499 1 1817 1528 1974 1815 1 1798 1358 1931 1523 
Norway_008564.jpg,1 1985 1854 2116 2029 1 1937 1751 2126 2034 
Norway_008565.jpg,
Norway_008566.jpg,
Norway_008567.jpg,
Norway_008568.jpg,
Norway_008569.jpg,
Norway_008570.jpg,4 1205 1352 1290 1403 
Norway_008571.jpg,
Norway_008572.jpg,
Norway_008573.jpg,
Norway_008574.jpg,1 419 1129 1122 2028 
Norway_008575.jpg,
Norway_008576.jpg,1 1433 1666 1610 2037 
Norway_008577.jpg,
Norway_008578.jpg,
Norway_008579.jpg,
Norway_008580.jpg,1 950 1158 1073 1213 1 763 1255 860 1312 1 1423 1108 1462 1189 1 1480 1197 1535 1254 1 521 1272 842 1421 1 1277 1208 1326 1281 1 1381 1543 1424 1690 1 1327 1541 1420 1788 
Norway_008581.jpg,
Norway_008582.jpg,2 169 1465 1640 1566 
Norway_008583.jpg,1 1517 1340 1948 2001 
Norway_008584.jpg,
Norway_008585.jpg,
Norway_008586.jpg,
Norway_008587.jpg,
Norway_008588.jpg,2 224 1611 2007 1712 
Norway_008589.jpg,1 1874 1531 2381 2038 
Norway_008590.jpg,1 1345 1706 1390 1823 1 1282 1398 1415 1943 1 1297 1129 1332 1216 1 1251 1775 1316 2022 
Norway_008591.jpg,
Norway_008592.jpg,
Norway_008593.jpg,1 1683 1449 2280 2010 
Norway_008594.jpg,1 49 1525 564 1866 1 2231 1937 2488 2040 3 1414 1109 1569 1490 1 1428 1183 1549 1496 1 1968 1872 2135 2041 1 7 1623 416 1972 1 1216 1454 1397 1829 
Norway_008595.jpg,
Norway_008596.jpg,
Norway_008597.jpg,1 418 1288 803 1499 1 1802 1577 1915 1668 1 0 1561 280 2016 1 1706 1615 1783 1788 1 1554 1740 1667 2029 
Norway_008598.jpg,
Norway_008599.jpg,
Norway_008600.jpg,
Norway_008601.jpg,
Norway_008602.jpg,
Norway_008603.jpg,1 1479 1403 1548 1622 
Norway_008604.jpg,1 0 1652 108 1717 1 884 1191 1265 1324 1 805 1326 946 1435 1 648 1214 951 1335 1 1337 1325 1370 1420 1 1262 1476 1367 2033 1 481 1236 876 1399 1 3 1658 112 1797 1 1107 1186 1278 1347 1 1425 1397 1530 1778 1 904 1234 1273 2043 1 8 1395 535 1622 1 1557 1315 1634 1410 1 885 1215 1056 1324 1 1493 1886 1586 2043 1 1712 1449 1763 1564 1 1654 1534 1961 1919 
Norway_008605.jpg,
Norway_008606.jpg,
Norway_008607.jpg,
Norway_008608.jpg,1 1154 1124 1223 1201 
Norway_008609.jpg,
Norway_008610.jpg,3 193 1613 670 2038 1 962 1325 1059 1456 
Norway_008611.jpg,
Norway_008612.jpg,1 619 1249 1192 1714 
Norway_008613.jpg,
Norway_008614.jpg,
Norway_008615.jpg,
Norway_008616.jpg,
Norway_008617.jpg,
Norway_008618.jpg,1 970 1296 1063 1553 
Norway_008619.jpg,1 1581 1564 1738 2037 
Norway_008620.jpg,
Norway_008621.jpg,
Norway_008622.jpg,
Norway_008623.jpg,
Norway_008624.jpg,
Norway_008625.jpg,1 528 1356 691 1443 1 1477 1368 1574 1711 
Norway_008626.jpg,
Norway_008627.jpg,
Norway_008628.jpg,
Norway_008629.jpg,
Norway_008630.jpg,1 2155 1636 2376 1987 1 2371 1493 2596 1668 1 2486 1627 3115 2038 
Norway_008631.jpg,
Norway_008632.jpg,1 5 1427 378 1648 1 1475 1595 1866 2028 1 49 1378 480 1561 1 191 1359 508 1492 1 997 1659 1090 1914 3 1456 1539 1821 2032 1 1643 1303 1738 1428 1 1116 1383 1215 1606 1 885 1817 994 2038 1 1939 1717 2226 2032 1 676 1629 939 2034 
Norway_008633.jpg,
Norway_008634.jpg,
Norway_008635.jpg,1 1476 1317 2079 2014 
Norway_008636.jpg,1 1463 1649 1674 2030 1 1483 1774 1610 2023 3 7 1697 408 1962 
Norway_008637.jpg,
Norway_008638.jpg,
Norway_008639.jpg,
Norway_008640.jpg,1 0 1415 582 1682 
Norway_008641.jpg,1 156 1220 1083 1667 1 1542 1585 1803 2040 
Norway_008642.jpg,
Norway_008643.jpg,
Norway_008644.jpg,
Norway_008645.jpg,
Norway_008646.jpg,
Norway_008647.jpg,
Norway_008648.jpg,1 514 1304 813 1445 1 1428 1118 1493 1213 1 0 1480 490 1759 1 1459 1194 1534 1247 1 1421 1112 1464 1185 
Norway_008649.jpg,
Norway_008650.jpg,2 920 1493 1489 1600 1 1455 1381 1540 1660 1 1386 1142 1481 1211 2 45 1546 874 1813 1 1338 1206 1429 1319 1 1301 1135 1370 1192 1 1475 1227 1532 1362 1 1353 1139 1478 1292 1 1103 1206 1194 1265 1 1496 1334 1547 1489 1 936 1426 1103 1559 1 668 1608 927 1863 1 0 1792 120 1911 1 1481 1221 1544 1468 1 1450 1517 1537 1652 1 4 1624 255 1755 1 1293 1316 1414 1485 1 1521 1881 1624 2040 1 1611 1390 1752 1903 1 1219 1627 1396 2040 
Norway_008651.jpg,1 1505 1349 1602 1522 1 1428 1554 1517 1649 1 1485 1244 1582 1465 1 1449 1711 1506 1780 1 588 1253 873 1388 1 242 1364 565 1511 1 1460 1457 1513 1522 1 1618 1688 1659 1817 1 1 1491 294 1624 1 1559 1417 1620 1604 1 1484 1241 1557 1366 1 1439 1556 1568 1695 1 1524 1758 1621 2033 
Norway_008652.jpg,
Norway_008653.jpg,1 1094 1189 1129 1244 1 1322 1055 1353 1096 1 1387 1257 1480 1416 1 1345 1267 1386 1388 1 770 1583 883 1750 1 1534 1689 1631 1794 1 0 1222 659 1529 1 706 1099 961 1212 1 957 1299 1022 1400 1 1105 1197 1150 1284 1 1318 1119 1359 1240 1 1393 1258 1520 1497 1 1409 1471 1482 1594 
Norway_008654.jpg,
Norway_008655.jpg,
Norway_008656.jpg,
Norway_008657.jpg,
Norway_008658.jpg,1 1739 1662 1896 1995 2 0 1793 1012 1856 
Norway_008659.jpg,
Norway_008660.jpg,
Norway_008661.jpg,
Norway_008662.jpg,
Norway_008663.jpg,1 1020 1275 1143 1376 1 1276 1166 1389 1285 1 187 1414 520 1555 1 18 1585 275 1748 1 784 1232 1069 1359 1 1047 1207 1168 1270 1 1379 1798 1468 2039 1 301 1756 664 2035 1 735 1380 1034 1681 1 1380 1494 1467 1639 1 849 1888 1040 2037 1 508 1441 709 1556 1 1163 1275 1336 1628 
Norway_008664.jpg,
Norway_008665.jpg,1 2016 1837 2275 2040 1 1605 1345 1690 1482 1 1608 1470 1741 1745 
Norway_008666.jpg,
Norway_008667.jpg,
Norway_008668.jpg,
Norway_008669.jpg,
Norway_008670.jpg,
Norway_008671.jpg,
Norway_008672.jpg,
Norway_008673.jpg,
Norway_008674.jpg,
Norway_008675.jpg,
Norway_008676.jpg,
Norway_008677.jpg,1 1182 1645 1265 1866 1 1518 1122 1553 1171 1 1424 1455 1489 1574 1 1286 1313 1361 1480 1 1565 1664 1668 2033 1 1636 1238 1755 1479 1 706 1742 827 2031 
Norway_008678.jpg,
Norway_008679.jpg,1 398 1343 575 1420 1 248 1335 581 1462 1 3 1519 334 1756 
Norway_008680.jpg,
Norway_008681.jpg,1 1444 1285 2007 1994 
Norway_008682.jpg,
Norway_008683.jpg,
Norway_008684.jpg,
Norway_008685.jpg,
Norway_008686.jpg,1 1226 1145 1257 1202 1 501 1291 780 1410 
Norway_008687.jpg,
Norway_008688.jpg,2 1 1619 560 1708 
Norway_008689.jpg,1 1285 1215 1354 1286 
Norway_008690.jpg,
Norway_008691.jpg,
Norway_008692.jpg,
Norway_008693.jpg,2 108 1467 1773 1592 
Norway_008694.jpg,
Norway_008695.jpg,1 1823 1867 2078 2040 
Norway_008696.jpg,2 20 1512 759 1659 1 1001 1186 1306 1319 1 805 1268 984 1347 1 1273 1129 1430 1208 1 1423 1107 1572 1196 2 17 1559 978 1752 1 1392 1237 1455 1346 1 1592 1227 1649 1306 1 1227 1237 1356 1404 1 453 1395 612 1480 1 1522 1374 1677 2041 1 524 1369 1009 1582 1 810 1629 1063 2000 1 1193 1396 1344 1653 
Norway_008697.jpg,
Norway_008698.jpg,
Norway_008699.jpg,2 603 1300 1570 1357 1 1124 1166 1165 1267 
Norway_008700.jpg,
Norway_008701.jpg,
Norway_008702.jpg,
Norway_008703.jpg,
Norway_008704.jpg,
Norway_008705.jpg,
Norway_008706.jpg,
Norway_008707.jpg,1 958 1874 1091 2043 1 1643 1686 1692 1839 1 526 1410 773 1505 1 1752 1417 1847 1658 1 1277 1398 1334 1477 1 1498 1523 1529 1680 1 281 1775 528 1982 1 1749 1430 1934 1843 1 1093 1220 1240 1287 1 901 1387 1086 1508 1 686 1523 1039 1794 
Norway_008708.jpg,
Norway_008709.jpg,
Norway_008710.jpg,
Norway_008711.jpg,1 1258 1276 1341 1335 1 149 1346 636 1499 1 53 1334 970 2043 4 1304 1456 1445 1523 1 1306 1170 1373 1271 1 1153 1218 1228 1297 
Norway_008712.jpg,
Norway_008713.jpg,
Norway_008714.jpg,
Norway_008715.jpg,1 368 1271 701 1422 1 126 1719 657 2040 
Norway_008716.jpg,1 1354 1199 1453 1818 
Norway_008717.jpg,1 1029 1209 1306 1426 1 1397 1129 1498 1190 1 1212 1172 1351 1273 1 1893 1580 2196 2033 
Norway_008718.jpg,1 1368 1192 1619 1497 
Norway_008719.jpg,
Norway_008720.jpg,
Norway_008721.jpg,
Norway_008722.jpg,1 1543 1409 2010 2014 
Norway_008723.jpg,
Norway_008724.jpg,
Norway_008725.jpg,1 2 1621 111 1724 1 246 1934 503 2043 1 1530 1299 1663 1474 1 219 1538 396 1627 1 489 1326 868 1499 1 1504 1392 1613 1477 1 1593 1232 1694 1451 1 1800 1489 1969 2042 
Norway_008726.jpg,
Norway_008727.jpg,
Norway_008728.jpg,4 1716 1504 1829 1549 2 577 1645 1284 1712 
Norway_008729.jpg,1 1458 1301 1619 2036 1 1466 1166 1575 1369 1 -1 1482 371 1885 
Norway_008730.jpg,1 1438 1215 1523 1772 1 1432 1210 1503 1493 1 1444 1420 1603 1991 1 311 1362 710 1561 1 4 1380 699 1709 2 48 1790 1397 1923 1 1617 1401 1700 1494 1 2008 1835 2113 2034 1 1520 1196 1627 1321 
Norway_008731.jpg,
Norway_008732.jpg,
Norway_008733.jpg,1 1632 1545 1725 1624 1 1518 1177 1589 1274 1 658 1291 915 1416 1 169 1576 878 2037 1 1562 1330 1707 1491 
Norway_008734.jpg,
Norway_008735.jpg,
Norway_008736.jpg,
Norway_008737.jpg,
Norway_008738.jpg,
Norway_008739.jpg,
Norway_008740.jpg,
Norway_008741.jpg,1 1484 1277 2033 2006 
Norway_008742.jpg,
Norway_008743.jpg,
Norway_008744.jpg,
Norway_008745.jpg,
Norway_008746.jpg,1 1247 1204 1274 1251 1 1483 1626 1774 2021 1 1240 1658 1343 2015 
Norway_008747.jpg,1 624 1319 907 1444 1 262 1561 563 1754 1 285 1628 450 1749 1 1332 1366 1395 1537 1 656 1952 757 2039 1 1360 1234 1463 1481 1 827 1889 908 1958 1 655 1697 752 1782 1 993 1305 1114 1432 1 1159 1519 1266 1672 
Norway_008748.jpg,
Norway_008749.jpg,
Norway_008750.jpg,2 822 1635 1911 1708 
Norway_008751.jpg,
Norway_008752.jpg,
Norway_008753.jpg,1 1743 1853 1898 2040 1 1220 1417 1443 2040 
Norway_008754.jpg,
Norway_008755.jpg,1 1619 1263 1648 1304 1 1070 1351 1201 1476 1 1222 1183 1439 1322 
Norway_008756.jpg,
Norway_008757.jpg,
Norway_008758.jpg,
Norway_008759.jpg,
Norway_008760.jpg,
Norway_008761.jpg,
Norway_008762.jpg,
Norway_008763.jpg,
Norway_008764.jpg,
Norway_008765.jpg,
Norway_008766.jpg,2 1167 1229 1696 1398 
Norway_008767.jpg,
Norway_008768.jpg,
Norway_008769.jpg,
Norway_008770.jpg,
Norway_008771.jpg,
Norway_008772.jpg,
Norway_008773.jpg,
Norway_008774.jpg,
Norway_008775.jpg,2 628 1336 1867 1421 1 1865 1413 2082 1536 
Norway_008776.jpg,1 177 1425 614 1682 1 805 1588 1000 1821 
Norway_008777.jpg,
Norway_008778.jpg,
Norway_008779.jpg,
Norway_008780.jpg,
Norway_008781.jpg,
Norway_008782.jpg,
Norway_008783.jpg,
Norway_008784.jpg,
Norway_008785.jpg,1 1460 1230 1523 1331 1 262 1430 593 1559 1 707 1363 850 1444 1 1108 1189 1251 1342 1 297 1393 1048 2040 
Norway_008786.jpg,1 1405 1251 1430 1290 1 1440 1589 1515 1690 1 1586 1480 1663 1641 
Norway_008787.jpg,
Norway_008788.jpg,
Norway_008789.jpg,1 0 1645 172 2012 1 1503 1631 1754 2036 3 846 1240 1017 1381 1 771 1411 890 1768 1 1341 1962 1410 2041 1 1462 1829 1553 2038 3 566 1217 843 1372 3 1152 1229 1381 1428 1 1145 1805 1226 2040 
Norway_008790.jpg,
Norway_008791.jpg,
Norway_008792.jpg,1 1078 1129 1189 1200 1 1966 1767 2161 2036 1 1412 1235 1533 1438 1 1431 1138 1470 1249 1 1305 1452 1456 2043 
Norway_008793.jpg,
Norway_008794.jpg,
Norway_008795.jpg,
Norway_008796.jpg,
Norway_008797.jpg,
Norway_008798.jpg,
Norway_008799.jpg,
Norway_008800.jpg,
Norway_008801.jpg,1 1094 1468 1377 1957 
Norway_008802.jpg,
Norway_008803.jpg,
Norway_008804.jpg,1 1500 1557 1653 2028 1 1442 1261 1541 1380 
Norway_008805.jpg,
Norway_008806.jpg,
Norway_008807.jpg,
Norway_008808.jpg,1 1279 1190 1426 1343 3 1614 1126 1731 1283 1 1288 1153 1471 1250 3 1486 1319 1941 2024 1 1280 1261 1387 1358 
Norway_008809.jpg,1 2083 1506 2824 2033 1 1712 1261 2065 1570 
Norway_008810.jpg,
Norway_008811.jpg,
Norway_008812.jpg,1 511 1290 790 1413 1 750 1265 1055 1602 1 871 1271 1042 1514 1 438 1663 799 2016 
Norway_008813.jpg,1 1646 1895 1779 2040 1 1597 1430 1682 1643 1 1627 1671 1684 1842 1 1453 1251 1594 1414 1 1700 1662 1905 2029 
Norway_008814.jpg,3 1553 1447 2010 2002 
Norway_008815.jpg,
Norway_008816.jpg,
Norway_008817.jpg,1 1362 1103 1499 1198 1 1175 1252 1268 1331 
Norway_008818.jpg,
Norway_008819.jpg,
Norway_008820.jpg,1 0 1640 91 1749 2 56 1660 1325 1835 1 256 1380 711 1589 
Norway_008821.jpg,
Norway_008822.jpg,1 1345 1621 1394 1706 1 1193 1209 1282 1376 1 1395 1738 1488 1877 
Norway_008823.jpg,
Norway_008824.jpg,
Norway_008825.jpg,
Norway_008826.jpg,1 2587 1209 2818 1318 
Norway_008827.jpg,
Norway_008828.jpg,
Norway_008829.jpg,1 1369 1295 1534 1554 
Norway_008830.jpg,
Norway_008831.jpg,
Norway_008832.jpg,
Norway_008833.jpg,
Norway_008834.jpg,
Norway_008835.jpg,
Norway_008836.jpg,
Norway_008837.jpg,
Norway_008838.jpg,
Norway_008839.jpg,1 1759 1462 2158 2023 
Norway_008840.jpg,
Norway_008841.jpg,1 1859 1615 1954 1750 
Norway_008842.jpg,1 1581 1551 1718 1994 1 1816 1802 1881 1905 1 1588 1563 1661 1818 1 1653 1801 1728 2008 
Norway_008843.jpg,
Norway_008844.jpg,
Norway_008845.jpg,
Norway_008846.jpg,
Norway_008847.jpg,
Norway_008848.jpg,
Norway_008849.jpg,
Norway_008850.jpg,
Norway_008851.jpg,
Norway_008852.jpg,
Norway_008853.jpg,1 1442 1223 1551 1372 
Norway_008854.jpg,
Norway_008855.jpg,2 0 1663 1929 1772 1 1194 1365 1299 1572 
Norway_008856.jpg,
Norway_008857.jpg,
Norway_008858.jpg,
Norway_008859.jpg,1 1554 1178 1717 1417 1 1488 1041 1549 1136 1 1581 1221 1758 1490 1 1790 1504 2097 2037 
Norway_008860.jpg,1 598 1690 951 2041 
Norway_008861.jpg,
Norway_008862.jpg,
Norway_008863.jpg,
Norway_008864.jpg,
Norway_008865.jpg,
Norway_008866.jpg,
Norway_008867.jpg,
Norway_008868.jpg,
Norway_008869.jpg,
Norway_008870.jpg,1 3825 1845 3926 1914 
Norway_008871.jpg,
Norway_008872.jpg,1 879 1460 970 1577 
Norway_008873.jpg,
Norway_008874.jpg,
Norway_008875.jpg,
Norway_008876.jpg,
Norway_008877.jpg,
Norway_008878.jpg,
Norway_008879.jpg,
Norway_008880.jpg,1 1012 1289 1089 1454 
Norway_008881.jpg,1 1274 1149 1331 1222 1 1440 1121 1467 1220 1 1428 1115 1467 1326 1 1424 1245 1463 1318 1 245 1929 408 2042 
Norway_008882.jpg,
Norway_008883.jpg,1 901 1223 1016 1272 1 205 1437 682 1732 1 1159 1133 1242 1180 1 1 1412 668 1933 1 1 1640 306 2019 
Norway_008884.jpg,
Norway_008885.jpg,
Norway_008886.jpg,
Norway_008887.jpg,
Norway_008888.jpg,
Norway_008889.jpg,
Norway_008890.jpg,
Norway_008891.jpg,
Norway_008892.jpg,
Norway_008893.jpg,1 1682 1370 1815 1633 2 430 1620 1729 1695 1 1526 1236 1561 1315 
Norway_008894.jpg,
Norway_008895.jpg,
Norway_008896.jpg,3 916 1459 1145 1600 
Norway_008897.jpg,
Norway_008898.jpg,1 1931 1409 2308 1736 1 1799 1325 1918 1422 
Norway_008899.jpg,
Norway_008900.jpg,1 1536 1385 2049 2010 
Norway_008901.jpg,
Norway_008902.jpg,1 1525 1087 1666 1414 
Norway_008903.jpg,
Norway_008904.jpg,
Norway_008905.jpg,
Norway_008906.jpg,
Norway_008907.jpg,2 104 1549 1773 1634 2 12 1576 471 1629 
Norway_008908.jpg,
Norway_008909.jpg,1 622 1244 895 1447 1 57 1340 976 2039 
Norway_008910.jpg,
Norway_008911.jpg,
Norway_008912.jpg,
Norway_008913.jpg,1 1708 1294 1805 1423 2 139 1854 2076 1981 3 1920 1662 2327 2033 1 1929 1687 2080 1948 1 1711 1307 1884 1586 3 1718 1328 1965 1641 3 2049 1610 2514 2029 
Norway_008914.jpg,
Norway_008915.jpg,1 485 1412 642 1495 
Norway_008916.jpg,
Norway_008917.jpg,
Norway_008918.jpg,
Norway_008919.jpg,
Norway_008920.jpg,1 1306 1253 1375 1408 1 1261 1178 1340 1249 1 1434 1201 1477 1266 1 1137 1191 1238 1254 1 1037 1277 1358 1540 1 312 1463 745 1782 1 1248 1429 1471 1604 1 411 1238 1204 1547 1 1632 1361 1747 1550 1 1091 1268 1248 1435 1 1183 1252 1380 1481 1 876 1507 1031 1726 1 1485 1243 1590 1454 1 1578 1513 1645 1644 1 1667 1545 1758 2034 1 0 1784 362 2023 1 496 1697 865 2038 1 1021 1552 1470 2037 1 5 1724 232 1961 
Norway_008921.jpg,1 965 1204 1088 1365 
Norway_008922.jpg,
Norway_008923.jpg,
Norway_008924.jpg,
Norway_008925.jpg,
Norway_008926.jpg,1 1428 1316 2057 2007 
Norway_008927.jpg,
Norway_008928.jpg,1 0 1151 967 1702 
Norway_008929.jpg,1 1772 1414 1847 1523 4 813 1660 1072 1861 4 1135 1408 1252 1487 3 978 1401 1229 1546 3 1629 1169 1758 1358 4 801 1773 938 1922 1 1190 1158 1447 1433 2 1113 1510 1932 1587 4 878 1649 1065 1750 
Norway_008930.jpg,1 2270 1839 2531 2040 
Norway_008931.jpg,
Norway_008932.jpg,
Norway_008933.jpg,2 756 1420 1927 1485 
Norway_008934.jpg,
Norway_008935.jpg,
Norway_008936.jpg,
Norway_008937.jpg,
Norway_008938.jpg,
Norway_008939.jpg,
Norway_008940.jpg,
Norway_008941.jpg,
Norway_008942.jpg,
Norway_008943.jpg,
Norway_008944.jpg,1 1367 1408 1436 1541 1 1364 1507 1539 2018 
Norway_008945.jpg,
Norway_008946.jpg,1 1424 1284 1467 1415 
Norway_008947.jpg,3 69 1569 430 1708 
Norway_008948.jpg,
Norway_008949.jpg,1 1066 1155 1199 1324 1 323 1674 722 2043 1 779 1308 1074 1605 1 944 1186 1019 1303 
Norway_008950.jpg,
Norway_008951.jpg,
Norway_008952.jpg,1 1531 1149 1620 1316 1 1520 1338 1597 1595 
Norway_008953.jpg,
Norway_008954.jpg,
Norway_008955.jpg,
Norway_008956.jpg,1 54 1441 355 1598 1 453 1327 624 1434 
Norway_008957.jpg,
Norway_008958.jpg,1 1495 1355 1536 1450 1 725 1469 1028 1912 
Norway_008959.jpg,
Norway_008960.jpg,
Norway_008961.jpg,
Norway_008962.jpg,
Norway_008963.jpg,
Norway_008964.jpg,
Norway_008965.jpg,
Norway_008966.jpg,
Norway_008967.jpg,
Norway_008968.jpg,
Norway_008969.jpg,
Norway_008970.jpg,1 1188 1171 1263 1222 1 1582 1299 1727 1528 1 1267 1449 1306 1568 1 1319 1217 1442 1378 1 1193 1348 1246 1407 1 923 1232 1082 1347 
Norway_008971.jpg,1 334 1227 963 1488 1 1639 1308 1698 1399 1 1805 1505 1916 1650 1 1994 1746 2179 2007 1 1044 1367 1257 1698 
Norway_008972.jpg,1 1538 1349 2191 2016 
Norway_008973.jpg,2 1202 1348 1531 1405 1 497 1276 1120 1487 1 1033 1144 1114 1209 1 0 1477 360 1816 1 1364 1489 1411 1602 
Norway_008974.jpg,2 1164 1420 1495 1609 1 1389 1183 1442 1266 1 406 1488 951 2033 1 2076 1770 2375 2037 1 1161 1430 1494 1609 1 785 1695 922 2038 1 1540 1596 1725 2039 
Norway_008975.jpg,
Norway_008976.jpg,
Norway_008977.jpg,
Norway_008978.jpg,
Norway_008979.jpg,
Norway_008980.jpg,
Norway_008981.jpg,
Norway_008982.jpg,
Norway_008983.jpg,1 1266 1188 1459 1457 
Norway_008984.jpg,
Norway_008985.jpg,
Norway_008986.jpg,
Norway_008987.jpg,1 1609 1411 2090 1992 
Norway_008988.jpg,1 340 1377 757 1632 1 1676 1422 1805 1527 1 453 1648 546 1729 1 0 1619 92 1750 1 350 1318 723 1509 1 1574 1376 1671 1503 1 1607 1494 1794 1687 1 440 1453 761 1738 1 1300 1435 1411 2036 1 330 1454 499 1543 1 1690 1481 1827 1720 1 1481 1601 1614 2038 1 1402 1256 1453 1455 1 1610 1511 1703 1636 1 995 1234 1284 1523 1 780 1233 1281 2040 1 692 1237 1025 1418 
Norway_008989.jpg,
Norway_008990.jpg,1 1520 1204 1717 1993 
Norway_008991.jpg,
Norway_008992.jpg,
Norway_008993.jpg,
Norway_008994.jpg,1 1342 1252 1847 2015 
Norway_008995.jpg,
Norway_008996.jpg,
Norway_008997.jpg,
Norway_008998.jpg,
Norway_008999.jpg,
Norway_009000.jpg,1 1261 1219 1322 1268 1 816 1270 1199 1515 1 1413 1383 1506 1562 1 1015 1253 1214 1374 1 230 1901 407 2042 2 1497 1882 1740 2001 1 343 1821 422 1894 1 1444 1185 1535 1370 1 1614 1158 1661 1289 1 834 1395 1027 1528 1 1394 1558 1495 1913 1 363 1388 562 1465 1 845 1556 922 1635 1 1565 1357 1650 1526 1 427 1573 808 1898 
Norway_009001.jpg,
Norway_009002.jpg,
Norway_009003.jpg,
Norway_009004.jpg,1 1212 1200 1283 1279 1 1071 1315 1150 1390 1 1662 1631 1831 1892 1 980 1379 1109 1492 2 476 1381 1153 1540 1 1249 1149 1394 1316 1 1441 1182 1502 1373 2 1877 1872 2192 1951 2 402 1576 709 1651 2 92 1846 997 1989 1 1222 1128 1339 1265 1 1321 1192 1406 1341 2 76 1837 559 1954 1 1517 1181 1612 1508 1 57 1567 420 1854 1 1468 1439 1619 1664 1 1563 1791 1638 2036 1 1674 1618 1919 2037 1 1449 1646 1502 1789 1 1018 1701 1141 2034 1 1155 1392 1398 1783 
Norway_009005.jpg,
Norway_009006.jpg,2 38 1744 2129 1877 1 504 1184 1147 1831 
Norway_009007.jpg,
Norway_009008.jpg,
Norway_009009.jpg,
Norway_009010.jpg,1 10 1599 517 2034 1 1024 1140 1055 1209 1 620 1334 765 1499 1 459 1334 582 1407 1 77 1343 582 1568 1 635 1304 706 1371 1 183 1699 594 2042 1 876 1294 987 1425 
Norway_009011.jpg,1 0 1658 384 1941 
Norway_009012.jpg,
Norway_009013.jpg,
Norway_009014.jpg,2 180 1369 1737 1526 
Norway_009015.jpg,
Norway_009016.jpg,
Norway_009017.jpg,
Norway_009018.jpg,
Norway_009019.jpg,
Norway_009020.jpg,
Norway_009021.jpg,2 1792 1930 2259 2031 3 1458 1195 1711 1576 3 1534 1563 1809 2010 3 1465 1243 1808 1902 1 649 1682 804 1839 1 1060 1302 1171 1405 1 833 1473 1006 1650 
Norway_009022.jpg,
Norway_009023.jpg,
Norway_009024.jpg,
Norway_009025.jpg,1 654 1304 1041 1459 3 1574 1183 1685 1322 1 887 1526 1062 1617 1 12 1590 417 1797 1 1676 1341 1733 1440 1 209 1474 878 1885 
Norway_009026.jpg,
Norway_009027.jpg,
Norway_009028.jpg,
Norway_009029.jpg,
Norway_009030.jpg,
Norway_009031.jpg,2 492 1372 1755 1479 1 1459 1427 1618 2040 
Norway_009032.jpg,
Norway_009033.jpg,
Norway_009034.jpg,
Norway_009035.jpg,1 737 1205 1096 1364 1 -1 1543 365 2002 
Norway_009036.jpg,
Norway_009037.jpg,
Norway_009038.jpg,
Norway_009039.jpg,
Norway_009040.jpg,
Norway_009041.jpg,
Norway_009042.jpg,
Norway_009043.jpg,
Norway_009044.jpg,1 1358 1335 1421 1444 
Norway_009045.jpg,1 1567 1396 1714 1811 
Norway_009046.jpg,
Norway_009047.jpg,
Norway_009048.jpg,
Norway_009049.jpg,2 1240 1647 1751 1772 
Norway_009050.jpg,1 1307 1154 1372 1225 1 296 1307 1073 1990 1 1714 1295 2537 2028 
Norway_009051.jpg,
Norway_009052.jpg,
Norway_009053.jpg,
Norway_009054.jpg,
Norway_009055.jpg,
Norway_009056.jpg,
Norway_009057.jpg,
Norway_009058.jpg,
Norway_009059.jpg,1 970 1701 1179 2038 1 1170 1176 1353 1257 1 951 1252 1352 2039 1 0 1502 671 2015 1 790 1346 1031 1481 1 1584 1459 1721 1724 
Norway_009060.jpg,1 1506 1208 1717 2039 1 1 1495 362 1698 
Norway_009061.jpg,
Norway_009062.jpg,1 1729 1526 2198 2013 
Norway_009063.jpg,
Norway_009064.jpg,
Norway_009065.jpg,1 490 1362 893 1503 1 489 1429 700 1518 1 185 1563 578 1714 2 0 1859 354 1932 1 659 1275 1022 1460 
Norway_009066.jpg,
Norway_009067.jpg,
Norway_009068.jpg,
Norway_009069.jpg,
Norway_009070.jpg,
Norway_009071.jpg,
Norway_009072.jpg,
Norway_009073.jpg,
Norway_009074.jpg,1 1330 1171 1441 1242 
Norway_009075.jpg,
Norway_009076.jpg,
Norway_009077.jpg,
Norway_009078.jpg,
Norway_009079.jpg,
Norway_009080.jpg,
Norway_009081.jpg,
Norway_009082.jpg,
Norway_009083.jpg,2 759 1483 1728 1602 
Norway_009084.jpg,
Norway_009085.jpg,
Norway_009086.jpg,
Norway_009087.jpg,
Norway_009088.jpg,
Norway_009089.jpg,1 1397 1453 1460 1706 3 1393 1182 1650 1473 
Norway_009090.jpg,
Norway_009091.jpg,1 1547 1130 1626 1241 1 1329 1328 1360 1381 1 132 1290 617 1523 2 668 1267 1619 1332 
Norway_009092.jpg,
Norway_009093.jpg,
Norway_009094.jpg,
Norway_009095.jpg,
Norway_009096.jpg,
Norway_009097.jpg,
Norway_009098.jpg,
Norway_009099.jpg,1 4 1459 343 1640 1 507 1281 818 1430 1 1869 1497 2428 2040 
Norway_009100.jpg,
Norway_009101.jpg,
Norway_009102.jpg,
Norway_009103.jpg,
Norway_009104.jpg,1 993 1374 1138 1537 1 1081 1337 1130 1374 1 1162 1293 1255 1358 1 1268 1163 1427 1248 1 437 1388 1128 2043 
Norway_009105.jpg,2 186 1465 1471 1554 1 1268 1135 1335 1194 1 1024 1306 1165 1443 1 1034 1213 1181 1270 1 841 1250 994 1325 1 -1 1731 353 2020 
Norway_009106.jpg,
Norway_009107.jpg,1 1580 1387 1673 1554 1 1471 1118 1536 1235 2 1178 1243 1527 1338 1 1528 1245 1665 1558 1 1830 1793 1991 2038 2 944 1510 1943 1827 
Norway_009108.jpg,
Norway_009109.jpg,
Norway_009110.jpg,
Norway_009111.jpg,1 329 1547 828 1936 1 1592 1443 1857 1842 1 517 1270 980 1513 1 795 1383 1158 1682 1 1594 1436 1771 1635 3 1437 1068 1566 1327 1 935 1458 1140 1673 1 1448 1112 1565 1437 1 1645 1487 1948 2028 1 6 1442 649 1845 1 580 1815 827 2040 
Norway_009112.jpg,
Norway_009113.jpg,
Norway_009114.jpg,
Norway_009115.jpg,
Norway_009116.jpg,
Norway_009117.jpg,
Norway_009118.jpg,
Norway_009119.jpg,1 1120 1536 1279 2031 1 1095 1296 1268 1571 
Norway_009120.jpg,
Norway_009121.jpg,
Norway_009122.jpg,
Norway_009123.jpg,
Norway_009124.jpg,
Norway_009125.jpg,
Norway_009126.jpg,1 1550 1527 1707 2018 
Norway_009127.jpg,2 265 1674 1686 1741 
Norway_009128.jpg,
Norway_009129.jpg,
Norway_009130.jpg,
Norway_009131.jpg,
Norway_009132.jpg,
Norway_009133.jpg,
Norway_009134.jpg,
Norway_009135.jpg,1 1108 1287 1193 1398 1 1722 1343 2211 1858 1 1104 1198 1179 1295 1 1097 1202 1190 1387 1 1413 1359 1488 1444 
Norway_009136.jpg,
Norway_009137.jpg,1 1783 1293 1946 1480 
Norway_009138.jpg,
Norway_009139.jpg,
Norway_009140.jpg,
Norway_009141.jpg,1 1629 1438 1810 1657 1 1827 1678 2152 2025 
Norway_009142.jpg,1 733 1032 766 1093 4 1207 1206 1292 1303 
Norway_009143.jpg,1 239 1346 444 1455 
Norway_009144.jpg,3 1628 1352 1825 1937 2 870 1462 1903 1557 
Norway_009145.jpg,
Norway_009146.jpg,1 1457 1543 1582 1976 1 1440 1256 1607 1985 
Norway_009147.jpg,1 30 1273 399 1460 
Norway_009148.jpg,1 1180 1306 1223 1387 1 1415 1297 1504 1640 1 1455 1109 1482 1204 
Norway_009149.jpg,
Norway_009150.jpg,
Norway_009151.jpg,1 -1 1554 415 1971 1 7 1470 588 1857 1 734 1516 1503 2035 
Norway_009152.jpg,1 1568 1291 1825 1686 1 1697 1664 1900 2031 
Norway_009153.jpg,
Norway_009154.jpg,
Norway_009155.jpg,
Norway_009156.jpg,
Norway_009157.jpg,1 1312 1164 1385 1251 
Norway_009158.jpg,
Norway_009159.jpg,
Norway_009160.jpg,
Norway_009161.jpg,
Norway_009162.jpg,
Norway_009163.jpg,
Norway_009164.jpg,
Norway_009165.jpg,1 5 1465 336 1650 1 24 1399 462 1606 1 1600 1415 1655 1500 1 1645 1534 1742 1691 
Norway_009166.jpg,
Norway_009167.jpg,
Norway_009168.jpg,1 595 1296 1088 1699 1 958 1155 1205 1462 2 23 1743 1956 1958 
Norway_009169.jpg,1 0 1360 716 1777 
Norway_009170.jpg,1 1572 1649 1615 1736 1 1532 1337 1579 1434 1 1651 1725 1714 1814 1 1839 1840 1986 2037 1 1617 1433 1690 1602 
Norway_009171.jpg,
Norway_009172.jpg,
Norway_009173.jpg,
Norway_009174.jpg,
Norway_009175.jpg,1 909 1564 1152 1949 1 539 1574 760 1871 1 1917 1575 1984 1660 3 1380 1338 1707 1967 1 1287 1330 1380 1555 1 565 1383 762 1484 1 1580 1614 1693 1961 1 2037 1781 2198 2002 
Norway_009176.jpg,
Norway_009177.jpg,
Norway_009178.jpg,
Norway_009179.jpg,2 141 1460 1708 1545 
Norway_009180.jpg,1 5 1278 822 1653 
Norway_009181.jpg,1 660 1620 881 1781 1 19 1445 632 1686 1 577 1299 990 1446 1 0 1678 442 2007 1 1634 1303 1733 1410 1 1721 1613 1968 2032 1 573 1457 790 1640 1 963 1175 1230 1294 1 1509 1238 1570 1369 1 889 1886 968 2039 
Norway_009182.jpg,
Norway_009183.jpg,
Norway_009184.jpg,3 3455 714 3642 901 
Norway_009185.jpg,
Norway_009186.jpg,1 -1 1441 587 1702 
Norway_009187.jpg,1 1404 1568 1583 2039 
Norway_009188.jpg,
Norway_009189.jpg,1 19 1483 772 2034 
Norway_009190.jpg,
Norway_009191.jpg,
Norway_009192.jpg,1 1578 1222 1667 1331 1 1596 1412 1981 2029 3 1600 1435 1967 2008 1 527 1283 936 1470 
Norway_009193.jpg,
Norway_009194.jpg,1 1782 1869 1823 1934 2 0 1737 2014 1874 1 1876 1928 1923 2037 
Norway_009195.jpg,
Norway_009196.jpg,
Norway_009197.jpg,2 1505 1741 1756 1822 1 473 1797 746 2034 
Norway_009198.jpg,
Norway_009199.jpg,1 1826 1720 1891 1845 3 1563 1374 1692 1603 3 1561 1244 1696 1467 1 0 1697 323 1936 3 1553 1384 1778 1713 1 737 1563 886 1704 1 461 1767 700 2034 3 1120 1371 1425 1718 
Norway_009200.jpg,
Norway_009201.jpg,1 998 1108 1135 1249 1 827 1230 1265 1925 
Norway_009202.jpg,
Norway_009203.jpg,
Norway_009204.jpg,1 1734 1553 1823 1708 
Norway_009205.jpg,
Norway_009206.jpg,
Norway_009207.jpg,1 1186 1296 1313 1521 1 924 1576 1163 2033 
Norway_009208.jpg,2 1386 1333 1545 1388 1 1520 1412 1553 1491 1 1791 1689 2028 2020 1 1605 1109 1650 1154 1 1636 1146 1705 1217 2 1592 1821 1777 1886 1 0 1605 342 1862 1 1203 1405 1330 1496 1 968 1255 1029 1292 1 469 1477 572 1538 2 416 1541 1413 1750 1 227 1883 292 1954 1 1090 1265 1319 1428 1 1297 1466 1398 2001 1 1190 1924 1265 2041 1 1373 1191 1520 1366 1 1550 1873 1607 1986 1 446 1848 683 2035 1 456 1708 669 1851 
Norway_009209.jpg,
Norway_009210.jpg,
Norway_009211.jpg,
Norway_009212.jpg,
Norway_009213.jpg,
Norway_009214.jpg,
Norway_009215.jpg,1 5 1331 942 1846 
Norway_009216.jpg,
Norway_009217.jpg,
Norway_009218.jpg,
Norway_009219.jpg,
Norway_009220.jpg,
Norway_009221.jpg,
Norway_009222.jpg,
Norway_009223.jpg,
Norway_009224.jpg,1 1774 1428 2039 1701 
Norway_009225.jpg,
Norway_009226.jpg,
Norway_009227.jpg,
Norway_009228.jpg,
Norway_009229.jpg,
Norway_009230.jpg,
Norway_009231.jpg,
Norway_009232.jpg,1 435 1366 886 1541 1 1762 1477 1891 1798 1 0 1367 871 1746 1 211 1687 740 2040 1 848 1311 1217 1718 1 1631 1614 1698 1825 1 1757 1765 1866 2040 1 1377 1341 1574 1662 
Norway_009233.jpg,1 1333 1133 1530 1364 
Norway_009234.jpg,1 1366 1229 1467 1362 
Norway_009235.jpg,
Norway_009236.jpg,
Norway_009237.jpg,1 152 1146 1293 2041 
Norway_009238.jpg,1 889 1223 982 1274 
Norway_009239.jpg,1 592 1565 1005 2008 
Norway_009240.jpg,
Norway_009241.jpg,1 1506 1445 1957 2004 
Norway_009242.jpg,
Norway_009243.jpg,2 400 1435 1715 1528 
Norway_009244.jpg,
Norway_009245.jpg,
Norway_009246.jpg,1 1412 1164 1461 1267 1 1434 1338 1503 1731 1 1315 1058 1388 1145 1 1271 1064 1390 1177 1 1446 1373 1531 2028 1 1433 1055 1462 1102 1 1605 1770 1746 2043 
Norway_009247.jpg,1 870 1578 1017 2043 1 1618 1358 1735 1511 1 1247 1373 1386 1516 1 45 1630 440 2031 
Norway_009248.jpg,2 914 1910 2125 2005 1 4 1557 257 1728 
Norway_009249.jpg,1 824 1164 1087 1397 1 422 1839 659 2040 1 810 1099 1261 1388 1 1608 1401 1727 1554 1 309 1366 992 1931 
Norway_009250.jpg,
Norway_009251.jpg,
Norway_009252.jpg,1 781 1085 1194 1294 
Norway_009253.jpg,1 225 1289 474 1370 1 1347 1349 1644 1688 1 1334 1319 1487 1500 1 1330 1325 1557 1586 1 1409 1695 1498 1840 
Norway_009254.jpg,
Norway_009255.jpg,1 291 1182 786 1407 
Norway_009256.jpg,1 1620 1444 2109 2009 
Norway_009257.jpg,
Norway_009258.jpg,
Norway_009259.jpg,
Norway_009260.jpg,1 1670 1536 1727 1707 1 685 1584 976 1893 
Norway_009261.jpg,
Norway_009262.jpg,
Norway_009263.jpg,1 558 1916 709 2039 
Norway_009264.jpg,1 -1 1720 361 2029 
Norway_009265.jpg,
Norway_009266.jpg,
Norway_009267.jpg,1 704 1380 1269 1713 2 1436 1262 1671 1329 1 115 1516 960 1935 1 1640 1328 1709 1427 1 3 1733 374 1972 1 1753 1229 1794 1330 1 274 1717 815 2040 3 1657 1096 1750 1233 1 1250 1432 1761 2039 
Norway_009268.jpg,1 1670 1367 1811 1654 1 1001 1903 1102 2040 
Norway_009269.jpg,
Norway_009270.jpg,
Norway_009271.jpg,
Norway_009272.jpg,4 1359 1351 1450 1394 
Norway_009273.jpg,
Norway_009274.jpg,
Norway_009275.jpg,
Norway_009276.jpg,
Norway_009277.jpg,
Norway_009278.jpg,
Norway_009279.jpg,
Norway_009280.jpg,
Norway_009281.jpg,
Norway_009282.jpg,
Norway_009283.jpg,
Norway_009284.jpg,1 1519 1419 1632 1656 1 1036 1308 1115 1375 1 418 1403 581 1490 1 988 1196 1141 1251 1 1463 1348 1504 1433 1 1178 1184 1219 1239 1 1498 1274 1563 1377 1 26 1423 575 1736 1 886 1244 973 1309 1 1440 1192 1475 1255 1 1511 1409 1574 1596 1 1602 1259 1765 1526 1 1176 1849 1305 2034 1 1586 1544 1639 1679 1 1537 1674 1694 2037 
Norway_009285.jpg,2 0 1638 1898 1753 
Norway_009286.jpg,
Norway_009287.jpg,2 1031 1839 1296 1900 
Norway_009288.jpg,
Norway_009289.jpg,
Norway_009290.jpg,2 1091 1186 1390 1255 
Norway_009291.jpg,
Norway_009292.jpg,3 1507 1314 1818 1589 1 469 1416 628 1505 1 1036 1233 1127 1282 3 1468 1219 1765 1512 3 1446 1550 2103 2039 3 1223 1173 1504 1302 
Norway_009293.jpg,
Norway_009294.jpg,
Norway_009295.jpg,
Norway_009296.jpg,1 1617 1520 1976 2005 
Norway_009297.jpg,
Norway_009298.jpg,
Norway_009299.jpg,
Norway_009300.jpg,
Norway_009301.jpg,
Norway_009302.jpg,1 968 1190 1059 1429 1 3 1516 336 1775 1 1261 1332 1324 1595 1 1362 1211 1533 1414 1 1514 1401 1851 2008 
Norway_009303.jpg,
Norway_009304.jpg,
Norway_009305.jpg,
Norway_009306.jpg,
Norway_009307.jpg,
Norway_009308.jpg,
Norway_009309.jpg,1 1468 1364 1575 1461 1 1937 1735 2026 1860 1 1540 1121 1579 1198 1 270 1594 617 1767 1 273 1690 470 1777 1 1465 1366 1504 1415 1 5 1641 80 1720 1 1612 1507 1651 1610 1 1511 1380 1578 1483 1 1108 1773 1259 1958 1 1342 1591 1527 1822 
Norway_009310.jpg,
Norway_009311.jpg,
Norway_009312.jpg,
Norway_009313.jpg,1 1278 1275 1343 1434 1 1286 1528 1339 1645 
Norway_009314.jpg,
Norway_009315.jpg,1 1483 1202 1548 1265 
Norway_009316.jpg,
Norway_009317.jpg,
Norway_009318.jpg,1 878 1052 991 1103 1 128 1311 425 1440 
Norway_009319.jpg,1 1560 1281 1647 1516 
Norway_009320.jpg,1 43 1300 912 1835 
Norway_009321.jpg,
Norway_009322.jpg,
Norway_009323.jpg,1 1107 1458 1176 1545 1 1707 1617 1760 1730 1 637 1593 744 1702 1 417 1670 820 2039 1 996 1468 1159 1635 1 1555 1282 1618 1431 1 1630 1771 1719 2038 1 1768 1717 1921 2024 
Norway_009324.jpg,
Norway_009325.jpg,
Norway_009326.jpg,
Norway_009327.jpg,
Norway_009328.jpg,
Norway_009329.jpg,
Norway_009330.jpg,1 1558 1271 1623 1406 
Norway_009331.jpg,1 2 1365 497 1552 1 134 1489 491 1680 
Norway_009332.jpg,
Norway_009333.jpg,
Norway_009334.jpg,
Norway_009335.jpg,1 156 1184 1101 1571 1 0 1260 856 1675 
Norway_009336.jpg,
Norway_009337.jpg,
Norway_009338.jpg,
Norway_009339.jpg,
Norway_009340.jpg,1 825 1789 914 1936 1 531 1771 818 2040 1 599 1343 1234 1944 1 1699 1429 1744 1494 1 753 1789 904 2026 
Norway_009341.jpg,
Norway_009342.jpg,
Norway_009343.jpg,
Norway_009344.jpg,
Norway_009345.jpg,
Norway_009346.jpg,
Norway_009347.jpg,
Norway_009348.jpg,1 791 1190 1030 1309 
Norway_009349.jpg,
Norway_009350.jpg,1 1447 1348 1520 1429 2 815 1401 1674 1452 1 1419 1309 1490 1418 1 1354 1483 1419 1590 
Norway_009351.jpg,
Norway_009352.jpg,
Norway_009353.jpg,1 1804 1157 1853 1194 1 2617 1869 2936 2038 1 2024 1480 2235 1777 1 1658 1667 1777 2012 
Norway_009354.jpg,
Norway_009355.jpg,
Norway_009356.jpg,
Norway_009357.jpg,
Norway_009358.jpg,1 1413 1677 1490 2038 1 1555 1792 1678 2039 1 1890 1803 2063 2036 1 0 1454 331 1717 1 912 1935 1053 2034 1 1541 1546 1714 2027 3 1222 1309 1501 1738 1 298 1462 637 1627 
Norway_009359.jpg,1 1970 1853 2025 1994 
Norway_009360.jpg,
Norway_009361.jpg,1 1183 1862 1290 2041 
Norway_009362.jpg,
Norway_009363.jpg,2 283 1438 1642 1525 1 1422 1277 1495 1386 1 1382 1420 1443 1477 2 162 1606 811 1701 
Norway_009364.jpg,
Norway_009365.jpg,
Norway_009366.jpg,
Norway_009367.jpg,
Norway_009368.jpg,
Norway_009369.jpg,1 314 1314 1043 2031 1 957 1625 1162 2038 1 1452 1403 1543 1664 
Norway_009370.jpg,
Norway_009371.jpg,
Norway_009372.jpg,1 1584 1327 1857 2018 
Norway_009373.jpg,1 1428 1245 1459 1288 1 876 1207 1045 1292 1 881 1166 1138 1289 1 1656 1874 1719 2027 1 1490 1203 1547 1390 1 1496 1477 1595 1874 
Norway_009374.jpg,1 1447 1153 1596 1436 1 1545 1464 1752 2019 
Norway_009375.jpg,
Norway_009376.jpg,1 1083 1432 1282 2013 2 1483 1334 1624 1381 1 1277 1140 1386 1225 
Norway_009377.jpg,
Norway_009378.jpg,1 0 1363 496 1606 
Norway_009379.jpg,1 1513 1038 1546 1103 1 2124 1506 2487 1735 4 1992 1116 2083 1163 
Norway_009380.jpg,1 579 1865 624 1960 1 746 1636 835 1707 
Norway_009381.jpg,
Norway_009382.jpg,
Norway_009383.jpg,1 1410 1204 1445 1261 1 1403 1376 1532 2043 1 1477 1258 1544 1383 
Norway_009384.jpg,
Norway_009385.jpg,
Norway_009386.jpg,1 812 1554 967 1739 1 559 1818 762 2035 
Norway_009387.jpg,
Norway_009388.jpg,
Norway_009389.jpg,
Norway_009390.jpg,
Norway_009391.jpg,
Norway_009392.jpg,
Norway_009393.jpg,
Norway_009394.jpg,
Norway_009395.jpg,
Norway_009396.jpg,
Norway_009397.jpg,
Norway_009398.jpg,
Norway_009399.jpg,
Norway_009400.jpg,
Norway_009401.jpg,1 1547 1614 1596 1693 1 634 1688 725 1777 1 1549 1554 1608 1695 1 1605 1466 1652 1569 1 840 1430 957 1603 1 1641 1670 1702 1773 
Norway_009402.jpg,
Norway_009403.jpg,
Norway_009404.jpg,
Norway_009405.jpg,
Norway_009406.jpg,
Norway_009407.jpg,1 218 1413 549 1550 
Norway_009408.jpg,1 225 1417 1088 2040 1 599 1417 1080 1892 
Norway_009409.jpg,
Norway_009410.jpg,
Norway_009411.jpg,1 8 1694 529 2041 1 1439 1172 1516 1253 1 1530 1571 1705 2014 1 0 1454 530 1783 1 1507 1753 1654 2032 1 1024 1813 1149 2034 1 1573 1556 1716 1807 
Norway_009412.jpg,1 1539 1302 1646 1559 
Norway_009413.jpg,
Norway_009414.jpg,
Norway_009415.jpg,
Norway_009416.jpg,
Norway_009417.jpg,1 259 1439 626 1626 1 708 1562 815 1687 1 232 1855 385 2014 
Norway_009418.jpg,
Norway_009419.jpg,
Norway_009420.jpg,1 1520 1436 1557 1499 1 1359 1499 1476 1678 1 1307 1577 1468 2040 
Norway_009421.jpg,
Norway_009422.jpg,1 1624 1350 2081 2007 1 1615 1347 1894 1752 
Norway_009423.jpg,1 1444 1255 1483 1318 
Norway_009424.jpg,1 1337 1192 1376 1265 1 1514 1905 1595 2040 1 1149 1569 1194 1660 1 1292 1313 1439 1552 1 976 1211 1091 1286 1 1247 1494 1388 1601 1 485 1626 604 1763 1 395 1750 624 1991 1 12 1441 435 1658 1 946 1471 1127 1704 1 1998 1768 2209 2037 1 613 1667 892 2040 1 1319 1685 1416 2040 
Norway_009425.jpg,3 1431 1187 1560 1370 3 1385 1367 1748 1976 
Norway_009426.jpg,
Norway_009427.jpg,
Norway_009428.jpg,
Norway_009429.jpg,
Norway_009430.jpg,
Norway_009431.jpg,
Norway_009432.jpg,
Norway_009433.jpg,1 1524 1324 1599 1505 
Norway_009434.jpg,1 1664 1238 1749 1301 1 1626 1322 1705 1573 1 1605 1766 1718 2037 
Norway_009435.jpg,1 5 1602 334 1901 
Norway_009436.jpg,
Norway_009437.jpg,
Norway_009438.jpg,1 1490 1778 1561 1947 
Norway_009439.jpg,1 1143 1101 1200 1254 1 582 1679 827 1964 1 1310 1345 1435 2034 1 1191 1117 1348 1456 1 1055 1721 1178 2036 
Norway_009440.jpg,
Norway_009441.jpg,1 3 1194 534 1493 1 1365 1856 1448 2011 
Norway_009442.jpg,1 1281 1227 1326 1270 1 1836 1378 1909 1445 1 1716 1273 1829 1344 1 1710 1460 1775 1575 1 1639 1233 1702 1290 1 1102 1720 1237 2035 
Norway_009443.jpg,1 1087 1283 1150 1370 2 0 1837 1762 1954 
Norway_009444.jpg,
Norway_009445.jpg,
Norway_009446.jpg,
Norway_009447.jpg,1 1 1538 220 1679 1 1655 1277 1788 1470 
Norway_009448.jpg,
Norway_009449.jpg,2 1 1743 328 1984 1 0 1745 336 1978 
Norway_009450.jpg,
Norway_009451.jpg,
Norway_009452.jpg,
Norway_009453.jpg,
Norway_009454.jpg,
Norway_009455.jpg,1 21 1391 476 1558 1 627 1358 940 1521 1 1508 1334 1603 1497 1 1564 1663 1695 2002 
Norway_009456.jpg,1 979 1419 1128 2016 
Norway_009457.jpg,
Norway_009458.jpg,
Norway_009459.jpg,1 1684 1518 2079 2015 
Norway_009460.jpg,1 1874 1587 2079 1846 
Norway_009461.jpg,
Norway_009462.jpg,
Norway_009463.jpg,
Norway_009464.jpg,
Norway_009465.jpg,1 939 1208 1014 1287 1 1278 1115 1383 1204 1 418 1430 1021 2029 2 1072 1877 1623 2018 1 1503 1267 1658 1858 1 1485 1198 1548 1343 1 938 1187 1077 1284 1 1640 1730 1729 2043 1 1111 1188 1274 1343 1 639 1450 998 1819 1 1319 1315 1386 1458 
Norway_009466.jpg,
Norway_009467.jpg,
Norway_009468.jpg,
Norway_009469.jpg,
Norway_009470.jpg,
Norway_009471.jpg,1 1285 1413 1330 1510 2 379 1636 1686 1735 1 389 1692 544 1827 1 1373 1884 1444 2019 1 1282 1760 1445 2021 1 979 1326 1124 1465 1 522 1360 959 1661 1 630 1677 905 2004 1 1283 1264 1394 1511 3 1413 1484 1558 1665 1 1268 1759 1367 1974 1 0 1675 300 2024 
Norway_009472.jpg,
Norway_009473.jpg,1 1985 1568 2052 1653 1 0 1142 1030 1743 1 2117 1669 2558 2040 
Norway_009474.jpg,1 1698 1478 1771 1645 1 1752 1867 1889 2040 
Norway_009475.jpg,
Norway_009476.jpg,
Norway_009477.jpg,
Norway_009478.jpg,2 286 1630 1603 1731 
Norway_009479.jpg,
Norway_009480.jpg,
Norway_009481.jpg,1 1439 1220 1548 1395 
Norway_009482.jpg,
Norway_009483.jpg,
Norway_009484.jpg,1 1623 1791 1742 2036 1 1643 1922 1732 2039 1 1511 1195 1670 1462 
Norway_009485.jpg,
Norway_009486.jpg,3 1555 1495 1854 2012 
Norway_009487.jpg,1 274 1378 577 1521 
Norway_009488.jpg,
Norway_009489.jpg,
Norway_009490.jpg,
Norway_009491.jpg,
Norway_009492.jpg,1 155 1424 746 1747 1 779 1263 1046 1418 1 136 1273 1039 1742 
Norway_009493.jpg,
Norway_009494.jpg,1 1331 1391 1538 2040 1 1332 1664 1485 2039 1 0 1322 771 1697 1 1524 1469 1759 1980 
Norway_009495.jpg,
Norway_009496.jpg,
Norway_009497.jpg,
Norway_009498.jpg,
Norway_009499.jpg,1 2066 1611 2451 1868 
Norway_009500.jpg,
Norway_009501.jpg,1 51 1386 1078 2039 
Norway_009502.jpg,
Norway_009503.jpg,
Norway_009504.jpg,
Norway_009505.jpg,
Norway_009506.jpg,3 1278 1661 1923 2040 1 1163 1206 1202 1301 3 1306 1278 1447 1603 1 1558 1366 1633 1451 3 928 1289 1119 1494 3 1312 1613 1611 1984 
Norway_009507.jpg,
Norway_009508.jpg,1 950 1602 1091 1693 2 0 1784 751 1865 1 677 1713 834 1882 1 1231 1220 1284 1307 1 1464 1406 1561 1577 1 1015 1312 1172 1501 
Norway_009509.jpg,1 1502 1625 1621 2016 1 1540 1284 1623 1461 1 1464 1448 1519 1567 
Norway_009510.jpg,
Norway_009511.jpg,1 967 1305 1242 1500 
Norway_009512.jpg,
Norway_009513.jpg,1 1839 1572 2016 1783 
Norway_009514.jpg,
Norway_009515.jpg,1 854 1224 1027 1309 2 1034 1682 1501 1913 1 1314 1764 1509 2031 1 0 1627 234 1784 1 56 1477 511 1720 1 1115 1680 1520 2031 1 466 1341 811 1500 1 738 1234 1015 1363 1 204 1468 525 1637 1 597 1405 808 1552 
Norway_009516.jpg,1 389 1252 462 1287 
Norway_009517.jpg,
Norway_009518.jpg,
Norway_009519.jpg,
Norway_009520.jpg,
Norway_009521.jpg,
Norway_009522.jpg,1 1698 1976 1791 2041 1 1683 1919 1732 1994 
Norway_009523.jpg,1 1517 1219 1620 1424 1 1538 1294 1611 1419 
Norway_009524.jpg,
Norway_009525.jpg,
Norway_009526.jpg,
Norway_009527.jpg,
Norway_009528.jpg,1 1394 1254 1509 1573 1 1436 1620 1633 1971 1 1387 1244 1620 1929 
Norway_009529.jpg,1 1487 1153 1518 1192 1 1850 1803 2003 2036 2 716 1458 1197 1607 3 1455 1251 1764 1890 1 1715 1754 1798 2013 3 9 1539 438 1772 3 1462 1261 1641 1482 1 1552 1850 1657 2037 
Norway_009530.jpg,1 1575 1921 1694 2038 1 1445 1703 1612 1990 1 1451 1147 1518 1362 
Norway_009531.jpg,1 1192 1179 1259 1244 
Norway_009532.jpg,
Norway_009533.jpg,1 1083 1451 1276 1888 
Norway_009534.jpg,
Norway_009535.jpg,
Norway_009536.jpg,
Norway_009537.jpg,
Norway_009538.jpg,
Norway_009539.jpg,1 366 1354 855 1591 3 1392 1157 1589 1346 1 0 1581 380 1882 1 1502 1788 1577 2031 1 1784 1588 2041 2039 
Norway_009540.jpg,
Norway_009541.jpg,
Norway_009542.jpg,1 1499 1177 1964 2040 
Norway_009543.jpg,
Norway_009544.jpg,
Norway_009545.jpg,
Norway_009546.jpg,3 1646 1534 2051 2005 
Norway_009547.jpg,2 1207 1866 1454 1923 1 506 1258 767 1375 2 847 1387 1646 1450 1 406 1325 639 1428 1 228 1388 433 1497 2 769 1542 1742 1649 1 212 1568 575 1843 1 436 1282 723 1417 1 26 1559 595 2002 1 1178 1667 1275 2040 1 1040 1252 1097 1297 1 758 1427 921 1544 
Norway_009548.jpg,1 1475 1209 1650 1596 1 1378 1447 1571 2022 
Norway_009549.jpg,1 503 1554 666 1675 
Norway_009550.jpg,
Norway_009551.jpg,
Norway_009552.jpg,1 -1 1400 639 2019 
Norway_009553.jpg,1 1352 1228 1509 1421 
Norway_009554.jpg,
Norway_009555.jpg,
Norway_009556.jpg,
Norway_009557.jpg,
Norway_009558.jpg,
Norway_009559.jpg,
Norway_009560.jpg,
Norway_009561.jpg,1 1538 1192 1571 1275 1 1338 1266 1391 1363 1 1583 1275 1680 1386 1 1196 1332 1235 1411 1 1463 1264 1490 1325 1 1622 1435 1729 1702 1 1302 1289 1491 1508 1 1035 1370 1216 1713 1 1764 1716 1887 2041 
Norway_009562.jpg,
Norway_009563.jpg,
Norway_009564.jpg,
Norway_009565.jpg,
Norway_009566.jpg,1 1613 1278 2024 2031 
Norway_009567.jpg,2 151 1557 1992 1686 1 882 1127 1303 1314 1 1292 1106 1489 1229 
Norway_009568.jpg,1 1536 1305 1583 1424 1 1487 1418 1562 1581 1 2081 1811 2288 2040 3 1582 1309 2113 2010 1 1555 1648 1672 1815 
Norway_009569.jpg,
Norway_009570.jpg,
Norway_009571.jpg,
Norway_009572.jpg,
Norway_009573.jpg,
Norway_009574.jpg,1 311 1353 1186 2040 
Norway_009575.jpg,1 508 1249 861 1408 
Norway_009576.jpg,1 847 1736 1004 2023 1 1444 1197 1667 1394 
Norway_009577.jpg,
Norway_009578.jpg,
Norway_009579.jpg,
Norway_009580.jpg,
Norway_009581.jpg,
Norway_009582.jpg,
Norway_009583.jpg,
Norway_009584.jpg,1 1444 1137 1505 1226 1 1449 1146 1524 1301 1 1446 1064 1509 1205 1 751 1362 1040 1587 1 1021 1299 1116 1384 1 1438 1705 1571 1868 1 1416 1714 1519 1913 1 1516 1307 1549 1372 1 1474 1216 1531 1299 1 1444 1321 1505 1506 1 1532 1710 1585 1833 1 1417 1706 1474 1815 1 465 1591 798 1880 1 1141 1209 1224 1282 1 1527 1475 1624 1654 1 1585 1824 1664 2039 1 1313 1467 1382 1766 
Norway_009585.jpg,1 468 1268 893 1489 
Norway_009586.jpg,1 1468 1411 1737 1784 
Norway_009587.jpg,
Norway_009588.jpg,
Norway_009589.jpg,1 1560 1270 1649 1471 
Norway_009590.jpg,
Norway_009591.jpg,
Norway_009592.jpg,
Norway_009593.jpg,1 1043 1351 1094 1452 3 0 1582 331 1869 4 1414 1862 1627 1989 
Norway_009594.jpg,1 1578 1577 1637 1722 1 1821 1669 2060 2040 
Norway_009595.jpg,1 1577 1468 2110 2017 
Norway_009596.jpg,1 1824 1271 1901 1560 
Norway_009597.jpg,1 1880 1474 2009 1619 
Norway_009598.jpg,2 319 1591 1860 1694 1 1202 1140 1297 1275 1 0 1459 284 1650 1 14 1154 1071 1917 1 728 1659 1005 2034 1 1106 1251 1241 1592 
Norway_009599.jpg,
Norway_009600.jpg,
Norway_009601.jpg,
Norway_009602.jpg,
Norway_009603.jpg,
Norway_009604.jpg,1 1611 1149 1694 1336 
Norway_009605.jpg,
Norway_009606.jpg,
Norway_009607.jpg,1 1413 1110 1542 1263 1 1129 1219 1314 1512 1 1416 1114 1627 1385 1 1561 1738 1740 2041 1 581 1627 872 1962 
Norway_009608.jpg,
Norway_009609.jpg,
Norway_009610.jpg,
Norway_009611.jpg,
Norway_009612.jpg,
Norway_009613.jpg,
Norway_009614.jpg,
Norway_009615.jpg,1 2162 1872 2307 2043 2 886 1234 1245 1343 1 1475 1154 1546 1265 1 0 1442 500 1809 2 1260 1336 1429 1425 3 1478 1149 1541 1266 1 5 1558 472 1977 1 1181 1205 1248 1278 1 1262 1313 1421 1422 1 1337 1251 1408 1332 1 473 1305 898 1504 1 7 1396 536 1625 1 1329 1412 1476 2043 1 1523 1715 1592 2016 1 1564 1319 1677 1694 1 1726 1749 1819 2036 1 904 1390 1249 2041 
Norway_009616.jpg,
Norway_009617.jpg,
Norway_009618.jpg,
Norway_009619.jpg,
Norway_009620.jpg,
Norway_009621.jpg,
Norway_009622.jpg,
Norway_009623.jpg,
Norway_009624.jpg,1 2148 1158 2703 1325 2 1167 1847 1476 1918 
Norway_009625.jpg,2 491 1813 708 1972 2 1233 1612 1770 1849 2 1227 1631 2010 1974 2 779 1745 1054 1892 2 524 1612 1049 1891 1 517 1580 930 1841 1 515 1566 754 1735 1 538 1826 679 1959 2 0 1748 592 1967 1 146 1602 309 1713 
Norway_009626.jpg,
Norway_009627.jpg,
Norway_009628.jpg,1 0 1437 658 1914 
Norway_009629.jpg,
Norway_009630.jpg,
Norway_009631.jpg,
Norway_009632.jpg,
Norway_009633.jpg,
Norway_009634.jpg,
Norway_009635.jpg,
Norway_009636.jpg,
Norway_009637.jpg,
Norway_009638.jpg,
Norway_009639.jpg,
Norway_009640.jpg,1 187 1877 428 2040 
Norway_009641.jpg,1 1 1337 750 1748 1 0 1506 366 1757 1 490 1159 1193 1460 1 522 1701 875 2040 1 1248 1393 1309 1490 1 1504 1158 1577 1389 1 833 1147 1196 1302 1 214 1230 1045 1557 
Norway_009642.jpg,1 468 1473 1097 2040 
Norway_009643.jpg,
Norway_009644.jpg,
Norway_009645.jpg,
Norway_009646.jpg,
Norway_009647.jpg,
Norway_009648.jpg,
Norway_009649.jpg,1 1702 1712 1817 1989 1 1601 1825 1698 2036 
Norway_009650.jpg,1 1335 1197 1884 2026 
Norway_009651.jpg,2 333 1372 1680 1461 
Norway_009652.jpg,2 36 1648 567 1755 2 136 1552 1819 1735 
Norway_009653.jpg,1 469 1240 904 1411 1 4 1368 617 1671 1 0 1230 944 1679 
Norway_009654.jpg,
Norway_009655.jpg,
Norway_009656.jpg,1 1206 1700 1293 1963 
Norway_009657.jpg,
Norway_009658.jpg,
Norway_009659.jpg,
Norway_009660.jpg,1 1306 1068 1587 1177 1 972 1465 1227 1918 1 1636 1199 1701 1316 1 1767 1492 1902 1903 1 958 1188 1267 1319 
Norway_009661.jpg,1 1297 1792 1392 2039 
Norway_009662.jpg,
Norway_009663.jpg,
Norway_009664.jpg,
Norway_009665.jpg,
Norway_009666.jpg,1 1387 1327 1460 1730 1 1393 1392 1478 2013 1 1149 1168 1234 1237 1 1562 1458 1703 1783 1 905 1300 1108 1519 1 906 1449 985 1530 1 1496 1136 1579 1275 1 1669 1664 1812 2017 1 1113 1268 1210 1381 1 1578 1311 1647 1452 1 118 1333 633 1570 1 421 1815 614 1984 1 1414 1184 1485 1347 
Norway_009667.jpg,
Norway_009668.jpg,
Norway_009669.jpg,
Norway_009670.jpg,1 1891 1580 2250 1949 1 1457 1254 1604 1559 
Norway_009671.jpg,1 1201 1168 1262 1367 
Norway_009672.jpg,
Norway_009673.jpg,2 411 1789 2036 1894 
Norway_009674.jpg,
Norway_009675.jpg,
Norway_009676.jpg,
Norway_009677.jpg,
Norway_009678.jpg,2 148 1869 1783 2040 
Norway_009679.jpg,
Norway_009680.jpg,
Norway_009681.jpg,
Norway_009682.jpg,
Norway_009683.jpg,
Norway_009684.jpg,1 1234 1222 1407 1333 1 979 1320 1156 1497 
Norway_009685.jpg,1 391 1227 602 1338 4 1393 1554 1498 1601 
Norway_009686.jpg,
Norway_009687.jpg,
Norway_009688.jpg,
Norway_009689.jpg,1 162 1280 871 1661 1 0 1288 856 2025 1 0 1644 299 2037 1 1084 1207 1231 1346 
Norway_009690.jpg,
Norway_009691.jpg,
Norway_009692.jpg,
Norway_009693.jpg,
Norway_009694.jpg,1 331 1206 834 2003 
Norway_009695.jpg,2 452 1664 1421 1887 4 1263 1587 1372 1658 2 429 1805 1016 2002 
Norway_009696.jpg,
Norway_009697.jpg,1 1123 1374 1158 1435 1 1195 1487 1262 1728 
Norway_009698.jpg,
Norway_009699.jpg,
Norway_009700.jpg,
Norway_009701.jpg,1 594 1596 773 1799 1 1475 1724 1530 1839 1 1138 1661 1215 1834 1 453 1601 772 2044 1 1424 1874 1527 2043 
Norway_009702.jpg,
Norway_009703.jpg,
Norway_009704.jpg,
Norway_009705.jpg,1 1395 1260 1890 2019 
Norway_009706.jpg,
Norway_009707.jpg,
Norway_009708.jpg,
Norway_009709.jpg,
Norway_009710.jpg,
Norway_009711.jpg,
Norway_009712.jpg,1 489 1152 992 1395 1 1517 1485 1730 1832 
Norway_009713.jpg,
Norway_009714.jpg,
Norway_009715.jpg,
Norway_009716.jpg,
Norway_009717.jpg,
Norway_009718.jpg,
Norway_009719.jpg,
Norway_009720.jpg,
Norway_009721.jpg,
Norway_009722.jpg,
Norway_009723.jpg,
Norway_009724.jpg,
Norway_009725.jpg,1 577 1433 868 1964 
Norway_009726.jpg,
Norway_009727.jpg,
Norway_009728.jpg,1 926 1382 1011 1461 
Norway_009729.jpg,
Norway_009730.jpg,
Norway_009731.jpg,
Norway_009732.jpg,2 818 1516 1943 1579 1 1986 1554 2529 2031 1 1481 1289 1600 1446 1 0 1767 100 1916 1 311 1795 524 2040 
Norway_009733.jpg,
Norway_009734.jpg,
Norway_009735.jpg,1 152 1688 509 1949 1 990 1195 1141 1274 
Norway_009736.jpg,
Norway_009737.jpg,1 12 1537 517 1766 1 17 1644 538 1973 1 1321 1365 1378 1444 1 729 1383 1052 1682 1 1119 1263 1362 1402 1 829 1393 1322 2040 1 1642 1596 1797 2037 
Norway_009738.jpg,1 1584 1442 1657 1733 
Norway_009739.jpg,
Norway_009740.jpg,
Norway_009741.jpg,1 533 1273 858 1424 1 9 1305 810 1700 
Norway_009742.jpg,
Norway_009743.jpg,
Norway_009744.jpg,
Norway_009745.jpg,1 1291 1388 1372 1567 
Norway_009746.jpg,1 1181 1285 1214 1354 1 1142 1408 1271 1841 
Norway_009747.jpg,1 1432 1155 1471 1240 1 1433 1191 1468 1250 1 1152 1255 1243 1328 1 0 1598 119 1727 1 1542 1251 1565 1286 1 278 1321 891 1554 1 1016 1200 1157 1281 1 1404 1319 1465 1422 
Norway_009748.jpg,
Norway_009749.jpg,
Norway_009750.jpg,
Norway_009751.jpg,
Norway_009752.jpg,1 2149 1765 2542 2040 1 1687 1286 2136 1711 
Norway_009753.jpg,
Norway_009754.jpg,1 1246 1109 1787 2030 
Norway_009755.jpg,3 86 1462 483 1643 1 1002 1337 1121 1450 3 352 1623 881 2028 3 324 1778 687 2037 
Norway_009756.jpg,1 1081 1192 1130 1379 
Norway_009757.jpg,1 1176 1575 1269 1732 2 39 1705 1858 1816 1 277 1784 602 2041 1 652 1484 913 1739 1 1115 1477 1208 1626 
Norway_009758.jpg,
Norway_009759.jpg,
Norway_009760.jpg,
Norway_009761.jpg,
Norway_009762.jpg,
Norway_009763.jpg,
Norway_009764.jpg,
Norway_009765.jpg,
Norway_009766.jpg,
Norway_009767.jpg,
Norway_009768.jpg,
Norway_009769.jpg,1 1003 1307 1146 1444 
Norway_009770.jpg,
Norway_009771.jpg,
Norway_009772.jpg,1 0 1434 690 1825 
Norway_009773.jpg,
Norway_009774.jpg,
Norway_009775.jpg,2 1417 1466 1502 1581 2 1152 1664 1593 1719 1 1413 1464 1502 1581 1 1697 1362 1730 1443 1 954 1224 1193 1427 1 1415 1475 1456 1570 2 727 1899 1296 1996 1 1545 1172 1622 1473 1 1578 1119 1653 1266 1 1891 1894 1984 2041 1 584 1367 1111 1796 1 1769 1459 1862 1664 1 1711 1277 1818 1424 1 1626 1515 1713 1904 
Norway_009776.jpg,1 855 1171 1082 1304 1 1681 1522 1916 2009 1 1220 1110 1295 1207 1 1219 1144 1276 1215 1 1118 1140 1167 1195 1 437 1380 632 1509 1 1384 1375 1503 2036 1 458 1345 859 1608 1 2 1615 379 2014 
Norway_009777.jpg,
Norway_009778.jpg,1 369 1578 590 1705 1 11 1402 642 1639 1 640 1339 795 1414 1 355 1342 754 1495 1 1223 1145 1312 1224 1 1004 1249 1129 1366 1 3 1497 356 1646 1 775 1345 882 1442 1 1201 1245 1384 1362 1 540 1629 681 1736 1 127 1599 522 1852 1 596 1467 941 1624 1 95 1886 266 2033 1 786 1738 939 2043 1 1037 1408 1200 1707 
Norway_009779.jpg,
Norway_009780.jpg,
Norway_009781.jpg,
Norway_009782.jpg,
Norway_009783.jpg,2 1314 1588 1713 1639 1 940 1219 1299 1462 
Norway_009784.jpg,
Norway_009785.jpg,
Norway_009786.jpg,
Norway_009787.jpg,1 1617 1240 1652 1311 1 1340 1229 1411 1294 1 1626 1262 1683 1395 1 1071 1421 1210 1566 1 901 1219 1200 1338 1 3 1596 438 1967 1 1091 1298 1338 1561 1 905 1686 1114 2021 1 766 1366 1145 1649 1 1453 1276 1542 1611 
Norway_009788.jpg,1 903 1367 1192 1602 
Norway_009789.jpg,
Norway_009790.jpg,
Norway_009791.jpg,
Norway_009792.jpg,
Norway_009793.jpg,
Norway_009794.jpg,
Norway_009795.jpg,1 1324 1348 1449 1567 2 284 1504 1161 1589 
Norway_009796.jpg,
Norway_009797.jpg,
Norway_009798.jpg,
Norway_009799.jpg,
Norway_009800.jpg,1 98 1234 1015 1593 1 8 1431 469 1628 2 0 1926 340 1991 1 0 1598 268 1947 1 422 1262 959 1517 1 1050 1202 1385 2039 
Norway_009801.jpg,2 415 1529 1772 1794 1 1613 1770 1750 2035 1 1398 1258 1767 2039 1 1394 1706 1475 1987 1 1422 1180 1561 1463 
Norway_009802.jpg,
Norway_009803.jpg,
Norway_009804.jpg,
Norway_009805.jpg,1 10 1292 557 1521 
Norway_009806.jpg,
Norway_009807.jpg,
Norway_009808.jpg,
Norway_009809.jpg,
Norway_009810.jpg,2 945 1326 1406 1489 1 1324 1171 1427 1338 1 1316 1295 1491 1572 2 87 1314 1494 1779 1 1329 1568 1456 2025 
Norway_009811.jpg,
Norway_009812.jpg,1 613 1195 1060 1470 
Norway_009813.jpg,1 0 1582 196 1839 
Norway_009814.jpg,
Norway_009815.jpg,
Norway_009816.jpg,
Norway_009817.jpg,
Norway_009818.jpg,
Norway_009819.jpg,1 1498 1802 1595 2025 
Norway_009820.jpg,
Norway_009821.jpg,1 1327 1194 1390 1293 
Norway_009822.jpg,
Norway_009823.jpg,2 2752 1758 3361 1893 1 738 1160 1015 1289 
Norway_009824.jpg,2 858 1653 1897 1770 2 12 1649 915 1742 1 640 1646 961 1903 1 880 1426 1117 1615 
Norway_009825.jpg,
Norway_009826.jpg,1 1551 1719 1660 1860 
Norway_009827.jpg,1 195 1204 932 2011 
Norway_009828.jpg,4 1006 1309 1071 1340 1 1148 1836 1217 1977 
Norway_009829.jpg,1 1651 1780 1770 2023 1 1617 1512 1756 2019 1 1526 1212 1603 1519 
Norway_009830.jpg,
Norway_009831.jpg,
Norway_009832.jpg,1 1312 1290 1381 1393 1 930 1192 969 1237 1 625 1269 910 1440 1 1330 1428 1397 1731 1 1187 1326 1248 1581 
Norway_009833.jpg,
Norway_009834.jpg,
Norway_009835.jpg,
Norway_009836.jpg,
Norway_009837.jpg,
Norway_009838.jpg,
Norway_009839.jpg,
Norway_009840.jpg,
Norway_009841.jpg,
Norway_009842.jpg,1 0 1336 840 1733 1 1579 1793 1722 1952 1 664 1288 883 1405 1 1546 1327 1643 1446 1 1675 1431 1754 1638 
Norway_009843.jpg,
Norway_009844.jpg,
Norway_009845.jpg,
Norway_009846.jpg,
Norway_009847.jpg,
Norway_009848.jpg,
Norway_009849.jpg,
Norway_009850.jpg,
Norway_009851.jpg,1 1726 1552 1783 1679 2 602 1369 1809 1426 1 1634 1376 1687 1553 1 1553 1160 1614 1293 1 1720 1567 1861 2002 
Norway_009852.jpg,
Norway_009853.jpg,
Norway_009854.jpg,1 1430 1289 1991 2004 
Norway_009855.jpg,
Norway_009856.jpg,
Norway_009857.jpg,1 1314 1389 1435 1578 1 1539 1337 1690 1428 1 869 1380 1180 1655 2 1539 1348 1702 1425 2 1085 1766 1482 1879 
Norway_009858.jpg,
Norway_009859.jpg,
Norway_009860.jpg,
Norway_009861.jpg,
Norway_009862.jpg,
Norway_009863.jpg,
Norway_009864.jpg,
Norway_009865.jpg,
Norway_009866.jpg,1 534 1324 659 1379 
Norway_009867.jpg,
Norway_009868.jpg,
Norway_009869.jpg,1 997 1255 1218 1442 1 1259 1097 1456 1242 1 724 1552 877 1677 1 990 1152 1361 1443 
Norway_009870.jpg,
Norway_009871.jpg,
Norway_009872.jpg,
Norway_009873.jpg,1 380 1379 1041 2032 
Norway_009874.jpg,
Norway_009875.jpg,
Norway_009876.jpg,1 1750 1938 1919 2039 1 932 1388 1139 1585 1 4 1503 559 1836 1 1630 1381 1703 1488 1 710 1249 1119 1464 1 1450 1153 1515 1392 1 1407 1608 1552 2037 
Norway_009877.jpg,
Norway_009878.jpg,2 1348 1519 1545 1610 
Norway_009879.jpg,1 679 1181 1052 1328 1 0 1161 1234 1976 1 1206 1220 1301 1333 
Norway_009880.jpg,1 1429 1124 1478 1189 1 0 1291 952 2012 
Norway_009881.jpg,
Norway_009882.jpg,
Norway_009883.jpg,1 917 1294 1120 1547 1 1438 1140 1529 1211 1 922 1175 1277 1530 1 971 1144 1346 1369 1 1562 1445 1743 2036 
Norway_009884.jpg,
Norway_009885.jpg,
Norway_009886.jpg,
Norway_009887.jpg,1 1688 1292 1743 1349 3 1312 1306 1539 1465 1 1863 1237 1896 1308 1 1917 1607 2058 1930 3 724 1315 1089 1476 3 1631 1461 1850 1812 
Norway_009888.jpg,
Norway_009889.jpg,
Norway_009890.jpg,1 1586 1072 1649 1131 1 1622 1281 1725 1568 1 1616 1281 1673 1400 1 1257 1228 1390 1401 1 1382 1414 1467 1993 1 1781 1684 1868 2031 1 759 1331 960 1436 
Norway_009891.jpg,
Norway_009892.jpg,1 1234 1036 1265 1115 1 1460 1671 1679 1986 
Norway_009893.jpg,
Norway_009894.jpg,
Norway_009895.jpg,1 1364 1226 1431 1399 1 1169 1199 1238 1270 1 1189 1483 1342 2040 1 1052 1765 1185 2040 1 1188 1452 1241 1523 1 423 1286 1134 2007 
Norway_009896.jpg,
Norway_009897.jpg,1 65 1291 890 1688 
Norway_009898.jpg,
Norway_009899.jpg,
Norway_009900.jpg,
Norway_009901.jpg,
Norway_009902.jpg,
Norway_009903.jpg,
Norway_009904.jpg,
Norway_009905.jpg,1 400 1470 873 1783 1 37 1782 430 2017 1 1457 1133 1526 1206 1 1249 1195 1408 1302 1 56 1457 877 1972 1 1174 1331 1355 1506 1 749 1261 1088 1452 
Norway_009906.jpg,1 646 1593 1047 2034 
Norway_009907.jpg,1 1062 1479 1151 1582 1 1761 1372 1898 1551 1 1077 1302 1170 1427 1 6 1532 173 1641 1 1203 1176 1258 1255 1 1840 1562 1941 1731 1 1069 1307 1180 1564 1 1633 1231 1894 1526 1 1227 1234 1372 1383 1 789 1611 1094 1924 
Norway_009908.jpg,1 147 1570 774 2039 
Norway_009909.jpg,
Norway_009910.jpg,
Norway_009911.jpg,1 5 1301 894 1928 
Norway_009912.jpg,
Norway_009913.jpg,1 1531 1596 1664 1729 1 1465 1193 1510 1288 1 1454 1591 1517 1826 1 1461 1188 1536 1389 4 1836 1405 1991 1482 1 1490 1259 1557 1434 1 1502 1324 1551 1427 3 1494 1696 2029 2037 
Norway_009914.jpg,
Norway_009915.jpg,
Norway_009916.jpg,
Norway_009917.jpg,1 778 1474 985 1667 2 1384 1520 1579 1609 1 411 1530 930 2033 1 1240 1116 1355 1213 1 1000 1240 1205 1439 1 1502 1275 1573 1368 1 1575 1858 1672 2031 
Norway_009918.jpg,
Norway_009919.jpg,
Norway_009920.jpg,
Norway_009921.jpg,
Norway_009922.jpg,
Norway_009923.jpg,
Norway_009924.jpg,1 1416 1131 1483 1172 
Norway_009925.jpg,2 0 1694 144 1753 2 271 1459 486 1496 1 1275 1499 1328 1658 
Norway_009926.jpg,
Norway_009927.jpg,
Norway_009928.jpg,
Norway_009929.jpg,
Norway_009930.jpg,1 442 1244 909 1461 1 789 1333 968 1464 
Norway_009931.jpg,1 1452 1294 1633 1601 
Norway_009932.jpg,2 441 1468 1874 1605 1 563 1418 698 1507 1 0 1534 396 1909 1 779 1512 966 1721 
Norway_009933.jpg,
Norway_009934.jpg,
Norway_009935.jpg,
Norway_009936.jpg,
Norway_009937.jpg,
Norway_009938.jpg,
Norway_009939.jpg,
Norway_009940.jpg,
Norway_009941.jpg,1 1170 1117 1329 1232 1 1881 1667 2172 2040 1 1377 1222 1538 1599 1 25 1442 668 2025 1 1656 1313 1857 1580 1 621 1214 1164 1577 1 1337 1675 1614 2040 
Norway_009942.jpg,1 1698 1644 1915 2035 
Norway_009943.jpg,
Norway_009944.jpg,
Norway_009945.jpg,
Norway_009946.jpg,1 589 1232 986 1555 1 24 1288 987 1991 
Norway_009947.jpg,
Norway_009948.jpg,
Norway_009949.jpg,
Norway_009950.jpg,1 1494 1179 1601 1354 3 1526 1442 1703 1643 
Norway_009951.jpg,
Norway_009952.jpg,
Norway_009953.jpg,1 373 1646 804 2033 1 87 1221 840 1650 
Norway_009954.jpg,
Norway_009955.jpg,
Norway_009956.jpg,
Norway_009957.jpg,
Norway_009958.jpg,1 1618 1721 1723 1846 1 873 1417 972 1490 2 84 1801 2099 1902 1 1506 1210 1557 1311 
Norway_009959.jpg,
Norway_009960.jpg,1 1064 1268 1315 1499 
Norway_009961.jpg,
Norway_009962.jpg,
Norway_009963.jpg,1 21 1340 916 1813 3 1430 1410 1843 2019 
Norway_009964.jpg,
Norway_009965.jpg,
Norway_009966.jpg,1 1268 1461 1379 1754 1 1279 1482 1456 2017 1 1351 1807 1460 2020 
Norway_009967.jpg,
Norway_009968.jpg,
Norway_009969.jpg,
Norway_009970.jpg,
Norway_009971.jpg,
Norway_009972.jpg,
Norway_009973.jpg,
Norway_009974.jpg,
Norway_009975.jpg,
Norway_009976.jpg,
Norway_009977.jpg,
Norway_009978.jpg,
Norway_009979.jpg,
Norway_009980.jpg,1 1417 1287 1490 1374 1 1402 1162 1457 1257 1 1636 1963 1687 2042 1 1376 1112 1455 1243 1 1412 1466 1439 1533 1 1694 1877 1827 2042 
Norway_009981.jpg,1 1319 1150 1940 2019 
Norway_009982.jpg,
Norway_009983.jpg,
Norway_009984.jpg,1 0 1181 1198 1952 
Norway_009985.jpg,
Norway_009986.jpg,
Norway_009987.jpg,
Norway_009988.jpg,
Norway_009989.jpg,
Norway_009990.jpg,
Norway_009991.jpg,
Norway_009992.jpg,
Norway_009993.jpg,
Norway_009994.jpg,1 1339 1283 1420 1364 1 0 1359 831 1920 1 1073 1460 1522 2013 
Norway_009995.jpg,
Norway_009996.jpg,
Norway_009997.jpg,
Norway_009998.jpg,
Norway_009999.jpg,
Norway_010000.jpg,
Norway_010001.jpg,
Norway_010002.jpg,
Norway_010003.jpg,1 1909 1521 2124 1732 
Norway_010004.jpg,1 15 1594 586 2037 
Norway_010005.jpg,
Norway_010006.jpg,
Norway_010007.jpg,1 14 1296 1005 2039 1 317 1267 874 1502 1 1105 1324 1258 1551 
Norway_010008.jpg,
Norway_010009.jpg,
Norway_010010.jpg,
Norway_010011.jpg,
Norway_010012.jpg,1 2407 1889 2518 2020 
Norway_010013.jpg,1 1477 1302 1534 1469 1 1238 1212 1289 1291 1 1007 1302 1542 2039 
Norway_010014.jpg,
Norway_010015.jpg,
Norway_010016.jpg,
Norway_010017.jpg,
Norway_010018.jpg,
Norway_010019.jpg,1 1325 1197 1860 2016 
Norway_010020.jpg,
Norway_010021.jpg,
Norway_010022.jpg,
Norway_010023.jpg,
Norway_010024.jpg,
Norway_010025.jpg,
Norway_010026.jpg,
Norway_010027.jpg,
Norway_010028.jpg,1 460 1751 609 1860 2 571 1275 1622 1360 1 632 1098 1039 1335 
Norway_010029.jpg,
Norway_010030.jpg,
Norway_010031.jpg,
Norway_010032.jpg,
Norway_010033.jpg,
Norway_010034.jpg,
Norway_010035.jpg,
Norway_010036.jpg,
Norway_010037.jpg,1 1413 1686 1506 2025 1 1412 1688 1481 1817 1 933 1210 1198 1423 
Norway_010038.jpg,1 1392 1184 1915 1981 
Norway_010039.jpg,3 1216 1207 1295 1300 1 1241 1329 1344 1558 1 1365 1353 1574 1612 1 907 1194 948 1243 1 1212 1323 1273 1412 1 984 1115 1045 1192 1 733 1283 856 1398 1 1283 1365 1336 1594 1 969 1204 1032 1295 1 1474 1634 1581 2043 1 1365 1587 1430 1766 
Norway_010040.jpg,1 1792 1637 2345 2040 
Norway_010041.jpg,
Norway_010042.jpg,
Norway_010043.jpg,
Norway_010044.jpg,
Norway_010045.jpg,1 1302 1203 1477 1302 1 10 1662 345 1887 1 1259 1287 1368 1390 1 1405 1209 1562 1306 1 1262 1209 1449 1364 1 1524 1312 1595 1399 1 8 1319 1155 1856 1 1323 1391 1502 1522 1 1599 1508 1642 1655 1 1643 1601 1734 2034 1 1305 1561 1390 1844 
Norway_010046.jpg,
Norway_010047.jpg,
Norway_010048.jpg,
Norway_010049.jpg,
Norway_010050.jpg,
Norway_010051.jpg,1 1543 1253 1994 2036 
Norway_010052.jpg,
Norway_010053.jpg,
Norway_010054.jpg,
Norway_010055.jpg,
Norway_010056.jpg,
Norway_010057.jpg,
Norway_010058.jpg,1 1540 1233 1757 1596 
Norway_010059.jpg,1 1395 1231 1462 1398 1 1491 1525 1662 2026 
Norway_010060.jpg,2 15 1628 1844 1771 
Norway_010061.jpg,4 762 1876 855 1941 4 562 1856 713 2019 
Norway_010062.jpg,1 1553 1134 1614 1219 1 1059 1219 1268 1448 1 556 1206 1271 1869 1 1635 1246 1696 1361 2 350 1812 1839 1939 1 1638 1400 1695 1477 1 1696 1526 1803 1885 
Norway_010063.jpg,
Norway_010064.jpg,
Norway_010065.jpg,
Norway_010066.jpg,
Norway_010067.jpg,
Norway_010068.jpg,
Norway_010069.jpg,
Norway_010070.jpg,1 337 1295 954 1686 1 1042 1221 1103 1296 1 0 1310 920 1961 1 876 1391 1239 2040 
Norway_010071.jpg,
Norway_010072.jpg,1 1212 1207 1283 1270 1 1300 1121 1345 1164 3 1454 1122 1565 1261 1 1278 1854 1371 2039 1 1515 1338 1642 1903 1 31 1791 416 2040 1 1213 1182 1338 1259 1 467 1562 780 1815 
Norway_010073.jpg,1 789 1138 1156 1287 1 7 1501 360 1678 
Norway_010074.jpg,1 1586 1237 1715 1724 
Norway_010075.jpg,
Norway_010076.jpg,
Norway_010077.jpg,
Norway_010078.jpg,1 1596 1252 1701 1397 
Norway_010079.jpg,
Norway_010080.jpg,
Norway_010081.jpg,
Norway_010082.jpg,1 554 1701 735 1868 1 559 1465 822 1660 
Norway_010083.jpg,
Norway_010084.jpg,
Norway_010085.jpg,
Norway_010086.jpg,
Norway_010087.jpg,1 1326 1110 1839 1999 
Norway_010088.jpg,1 1549 1120 1592 1223 1 1552 1125 1615 1258 
Norway_010089.jpg,
Norway_010090.jpg,1 1031 1182 1184 1269 1 774 1259 1043 1412 1 459 1397 722 1518 
Norway_010091.jpg,
Norway_010092.jpg,
Norway_010093.jpg,
Norway_010094.jpg,
Norway_010095.jpg,
Norway_010096.jpg,
Norway_010097.jpg,
Norway_010098.jpg,
Norway_010099.jpg,
Norway_010100.jpg,
Norway_010101.jpg,
Norway_010102.jpg,4 1330 1504 1421 1601 
Norway_010103.jpg,3 438 1307 887 1492 3 228 1421 635 1606 3 349 1365 752 1552 1 1523 1395 1698 1620 3 1523 1399 1702 1616 3 1701 1494 2162 2021 3 3 1519 366 1772 
Norway_010104.jpg,
Norway_010105.jpg,
Norway_010106.jpg,
Norway_010107.jpg,
Norway_010108.jpg,
Norway_010109.jpg,
Norway_010110.jpg,1 404 1536 813 1909 
Norway_010111.jpg,
Norway_010112.jpg,1 289 1276 856 1537 1 2534 1923 2771 2040 1 2172 1556 2595 1891 
Norway_010113.jpg,
Norway_010114.jpg,1 526 1315 615 1410 
Norway_010115.jpg,1 619 1274 906 1401 1 1791 1684 1990 2039 1 1641 1379 1770 1632 
Norway_010116.jpg,
Norway_010117.jpg,
Norway_010118.jpg,1 586 1486 655 1565 1 2429 1635 2622 2014 1 587 1689 696 2028 
Norway_010119.jpg,
Norway_010120.jpg,
Norway_010121.jpg,1 1300 1198 1385 1285 1 434 1239 1015 1600 
Norway_010122.jpg,
Norway_010123.jpg,1 1284 1665 1337 1790 1 1595 1700 1680 1993 3 1291 1496 1760 1953 
Norway_010124.jpg,1 1355 1236 1438 1313 
Norway_010125.jpg,1 678 1210 1321 1799 
Norway_010126.jpg,
Norway_010127.jpg,
Norway_010128.jpg,1 1556 1329 1605 1448 1 1361 1269 1492 1568 1 1403 1245 1492 1464 1 1346 1408 1479 1579 1 1453 1710 1530 1937 1 1449 1800 1502 1903 1 1376 1602 1447 1785 1 528 1198 927 1339 1 1596 1581 1899 2042 1 1511 1566 1630 2013 1 510 1450 879 1749 1 1317 1238 1344 1295 1 1271 1773 1374 2034 
Norway_010129.jpg,
Norway_010130.jpg,1 1239 1091 1332 1210 
Norway_010131.jpg,
Norway_010132.jpg,
Norway_010133.jpg,
Norway_010134.jpg,
Norway_010135.jpg,
Norway_010136.jpg,1 1325 1482 1494 1637 1 0 1535 224 1720 1 1534 1598 1707 1933 1 25 1536 554 2001 1 1038 1187 1177 1386 3 66 1596 697 2035 1 1323 1491 1708 1920 
Norway_010137.jpg,
Norway_010138.jpg,1 279 1426 524 1541 1 25 1417 532 1646 
Norway_010139.jpg,1 -1 1541 357 1732 1 1527 1223 1744 1438 1 999 1193 1320 1446 1 840 1230 935 1273 1 1645 1699 1884 2038 
Norway_010140.jpg,
Norway_010141.jpg,
Norway_010142.jpg,
Norway_010143.jpg,1 1291 1436 1358 1493 
Norway_010144.jpg,1 653 1252 1244 1945 3 15 1470 536 1747 3 1433 1179 1624 1578 
Norway_010145.jpg,
Norway_010146.jpg,
Norway_010147.jpg,1 574 1266 843 1417 
Norway_010148.jpg,1 4 1605 789 2024 
Norway_010149.jpg,
Norway_010150.jpg,
Norway_010151.jpg,
Norway_010152.jpg,
Norway_010153.jpg,1 1688 1642 1831 2031 
Norway_010154.jpg,
Norway_010155.jpg,
Norway_010156.jpg,
Norway_010157.jpg,1 329 1501 440 1556 1 1156 1171 1235 1216 1 1109 1180 1230 1239 1 1231 1187 1328 1286 1 5 1527 404 1726 1 1541 1186 1600 1311 
Norway_010158.jpg,1 1486 1992 1535 2043 2 618 1388 1665 1479 1 1441 1792 1490 1871 1 1517 1559 1554 1632 1 959 1496 1074 1599 3 1504 1409 1639 1576 1 1501 1720 1542 1819 1 806 1887 931 2028 1 1521 1873 1592 1996 1 1673 1759 1766 2042 
Norway_010159.jpg,
Norway_010160.jpg,
Norway_010161.jpg,
Norway_010162.jpg,
Norway_010163.jpg,
Norway_010164.jpg,
Norway_010165.jpg,1 1327 1088 1366 1157 1 992 1659 1113 2012 1 1004 1287 1129 1984 
Norway_010166.jpg,
Norway_010167.jpg,
Norway_010168.jpg,
Norway_010169.jpg,
Norway_010170.jpg,
Norway_010171.jpg,1 653 1729 716 1782 2 14 1553 1529 1640 1 1763 1763 1962 2040 
Norway_010172.jpg,
Norway_010173.jpg,
Norway_010174.jpg,
Norway_010175.jpg,
Norway_010176.jpg,1 1478 1692 1601 2031 1 1197 1866 1368 2011 1 1350 1219 1617 2032 1 431 1517 854 1894 1 10 1696 295 2041 
Norway_010177.jpg,1 572 1521 731 1662 1 641 1400 930 1607 1 1522 1233 1561 1310 1 571 1568 672 1659 1 1630 1712 1701 1813 1 756 1407 921 1542 1 765 1755 900 1928 1 1511 1305 1596 1440 1 1091 1595 1176 1838 1 1202 1534 1247 1603 1 1449 1383 1484 1496 1 1064 1477 1173 1714 1 533 1770 892 2041 1 3 1516 630 2023 
Norway_010178.jpg,1 1198 1282 1369 1447 
Norway_010179.jpg,
Norway_010180.jpg,
Norway_010181.jpg,
Norway_010182.jpg,3 23 1218 602 1503 
Norway_010183.jpg,2 405 1352 1758 1425 1 0 1451 355 1742 
Norway_010184.jpg,
Norway_010185.jpg,
Norway_010186.jpg,1 1924 1937 2045 2040 
Norway_010187.jpg,
Norway_010188.jpg,
Norway_010189.jpg,
Norway_010190.jpg,
Norway_010191.jpg,1 162 1363 395 1462 
Norway_010192.jpg,2 88 1506 1761 1601 1 1272 1124 1359 1207 1 1583 1354 1682 1501 
Norway_010193.jpg,
Norway_010194.jpg,1 366 1342 605 1443 1 1273 1488 1378 1915 1 1336 1751 1465 2036 1 1256 1426 1345 1825 2 1321 1627 1890 1766 1 1254 1433 1319 1690 
Norway_010195.jpg,
Norway_010196.jpg,2 408 1458 1817 1531 
Norway_010197.jpg,
Norway_010198.jpg,
Norway_010199.jpg,
Norway_010200.jpg,1 1576 1525 1971 2024 
